FA 2512 2514 -0.17229223737
FA 2514 2516 -0.07918124605
FA 2516 2518 -0.05115252245
FA 2518 2520 -0.03292692851
FA 2520 2522 -0.04357479967
FA 2522 2524 -0.04357479967
FA 2524 2526 -0.05799194698
FA 2526 2528 -0.09691001301
FA 2528 2530 -0.04357479967
FA 2530 2532 -0.09691001301
FA 2532 2534 -0.00004116987
FA 2534 2536 -0.17229223737
FA 2536 2538 -0.07918124605
FA 2538 2540 -0.07918124605
FA 2540 2542 -0.05115252245
FA 2542 2544 -0.05115252245
FA 2544 2546 -0.12493873661
FA 2546 2548 -0.12493873661
FA 2548 2550 -0.03292692851
FA 2550 2552 -0.30102999566
FA 2552 2554 -0.04357479967
FA 2554 2556 -0.04357479967
FA 2556 2558 -0.05799194698
FA 2558 2560 -0.05799194698
FA 2560 2562 -0.30102999566
FA 2562 2564 -0.09691001301
FA 2564 2566 -0.07918124605
FA 2566 2568 -0.05115252245
FA 2568 2570 -0.04357479967
FA 2570 2572 -0.05799194698
FA 2572 2574 -0.04357479967
FA 2574 2576 -0.04357479967
FA 2576 2578 -0.09691001301
FA 2578 2580 -0.05115252245
FA 2580 2582 -0.05799194698
FA 2582 2584 -0.07918124605
FA 2584 2586 -0.05115252245
FA 2586 2588 -0.12493873661
FA 2588 2590 -0.03292692851
FA 2590 2592 -0.04357479967
FA 2592 2594 -0.05799194698
FA 2594 2596 0.00000000000
FA 2596 2598 0.00000000000
FA 2598 2600 0.00000000000
FA 2600 2602 -0.05115252245
FA 2602 2604 0.00000000000
FA 2604 2606 -0.05115252245
FA 2606 2608 -0.05799194698
FA 2608 2610 0.00000000000
GL 2470 2472 -0.00505240300
GL 2472 2474 -0.00505240300
GL 2474 2476 -0.00505240300
GL 2476 2478 0.00000000000
GL 2478 2480 0.00000000000
GL 2480 2482 0.00000000000
GL 2482 2484 0.00000000000
GL 2484 2486 0.00000000000
GL 2486 2488 0.00000000000
GL 2488 2490 0.00000000000
GL 2490 2492 0.00000000000
GL 2492 2494 0.00000000000
GL 2494 2496 0.00000000000
GL 2496 2498 0.00000000000
GL 2498 2500 0.00000000000
GL 2500 2502 0.00000000000
GL 2502 2504 0.00000000000
GL 2504 2506 0.00000000000
GL 2506 2508 0.00000000000
GL 2508 2510 0.00000000000
GL 2510 2512 0.00000000000
GPL 990 992 0.00000000000
GPL 992 994 -0.02801953183
GPL 994 996 -0.02801953183
GPL 996 998 -0.00011687206
GPL 998 1000 -0.02801953183
GPL 1000 1002 -0.02801953183
GPL 1002 1004 -0.02801953183
GPL 1004 1006 -0.02801953183
GPL 1006 1008 -0.02801953183
GPL 1008 1010 -0.02801953183
GPL 1010 1012 -0.00011687206
GPL 1012 1014 -0.02801953183
GPL 1014 1016 -0.02801953183
GPL 1016 1018 -0.00011687206
GPL 1018 1020 -0.02801953183
GPL 1020 1022 -0.02801953183
GPL 1022 1024 -0.02801953183
GPL 1024 1026 -0.02801953183
GPL 1026 1028 -0.02801953183
GPL 1028 1030 -0.00011687206
GPL 1030 1032 -0.02801953183
GPL 1032 1034 -0.02801953183
GPL 1034 1036 -0.02801953183
GPL 1036 1038 -0.00011687206
GPL 1038 1040 -0.02801953183
GPL 1040 1042 -0.02801953183
GPL 1042 1044 -0.02801953183
GPL 1044 1046 -0.02801953183
GPL 1046 1048 -0.02801953183
GPL 1048 1050 -0.02801953183
GPL 1050 1052 -0.00011687206
GPL 1052 1054 -0.02801953183
GPL 1054 1056 -0.02801953183
GPL 1056 1058 -0.00011687206
GPL 1058 1060 -0.00045613914
GPL 1060 1062 -0.02801953183
GPL 1062 1064 -0.02801953183
GPL 1064 1066 -0.02801953183
GPL 1066 1068 -0.02801953183
GPL 1068 1070 0.00000000000
GPL 1070 1072 0.00000000000
GPL 1072 1074 0.00000000000
GPL 1074 1076 0.00000000000
GPL 1076 1078 0.00000000000
GPL 1078 1080 0.00000000000
GPL 1080 1082 0.00000000000
GPL 1082 1084 0.00000000000
GPL 1084 1086 0.00000000000
GPL 1086 1088 0.00000000000
GPL 1088 1090 0.00000000000
GPL 1090 1092 0.00000000000
GPL 1092 1094 0.00000000000
GPL 1094 1096 0.00000000000
GPL 1096 1098 -0.00153894131
GPL 1098 1100 -0.00153894131
GPL 1100 1102 0.00000000000
GPL 1102 1104 0.00000000000
GPL 1104 1106 0.00000000000
GPL 1106 1108 0.00000000000
GPL 1108 1110 0.00000000000
GPL 1110 1112 0.00000000000
GPL 1112 1114 0.00000000000
GPL 1114 1116 0.00000000000
GPL 1116 1118 -0.00153894131
GPL 1118 1120 0.00000000000
GPL 1120 1122 -0.00001003412
GPL 1122 1124 0.00000000000
GPL 1124 1126 0.00000000000
GPL 1126 1128 0.00000000000
GPL 1128 1130 0.00000000000
GPL 1130 1132 0.00000000000
GPL 1132 1134 0.00000000000
GPL 1134 1136 0.00000000000
GPL 1136 1138 0.00000000000
GPL 1138 1140 0.00000000000
GPL 1140 1142 0.00000000000
GPL 1142 1144 0.00000000000
GPL 1144 1146 0.00000000000
GPL 1146 1148 0.00000000000
GPL 1148 1150 0.00000000000
GPL 1150 1152 0.00000000000
GPL 1152 1154 0.00000000000
GPL 1154 1156 0.00000000000
GPL 1156 1158 0.00000000000
GPL 1158 1160 0.00000000000
GPL 1160 1162 0.00000000000
GPL 1162 1164 0.00000000000
GPL 1164 1166 0.00000000000
GPL 1166 1168 0.00000000000
GPL 1168 1170 0.00000000000
GPL 1170 1172 0.00000000000
GPL 1172 1174 0.00000000000
GPL 1174 1176 0.00000000000
GPL 1176 1178 0.00000000000
GPL 1178 1180 0.00000000000
GPL 1180 1182 0.00000000000
GPL 1182 1184 0.00000000000
GPL 1184 1186 0.00000000000
GPL 1186 1188 0.00000000000
GPL 1188 1190 0.00000000000
GPL 1190 1192 0.00000000000
GPL 1192 1194 0.00000000000
GPL 1194 1196 0.00000000000
GPL 1196 1198 0.00000000000
GPL 1198 1200 0.00000000000
GPL 1200 1202 0.00000000000
GPL 1202 1204 0.00000000000
GPL 1204 1206 0.00000000000
GPL 1206 1208 0.00000000000
GPL 1208 1210 0.00000000000
GPL 1210 1212 0.00000000000
GPL 1212 1214 0.00000000000
GPL 1214 1216 0.00000000000
GPL 1216 1218 -0.02718921200
GPL 1218 1220 -0.02718921200
GPL 1220 1222 0.00000000000
GPL 1222 1224 0.00000000000
GPL 1224 1226 0.00000000000
GPL 1226 1228 0.00000000000
GPL 1228 1230 0.00000000000
GPL 1230 1232 0.00000000000
GPL 1232 1234 0.00000000000
GPL 1234 1236 -0.06699726845
GPL 1236 1238 -0.06699726845
GPL 1238 1240 -0.06699726845
GPL 1240 1242 -0.06699726845
GPL 1242 1244 -0.08828707292
GPL 1244 1246 -0.08828707292
GPL 1246 1248 -0.08828707292
GPL 1248 1250 -0.08828707292
GPL 1250 1252 -0.09691001301
GPL 1252 1254 -0.09691001301
GPL 1254 1256 -0.09691001301
GPL 1256 1258 -0.09691001301
GPL 1258 1260 0.00000000000
GPL 1260 1262 0.00000000000
GPL 1262 1264 0.00000000000
GPL 1264 1266 -0.02944140643
GPL 1266 1268 -0.02944140643
GPL 1268 1270 -0.02944140643
GPL 1270 1272 -0.02944140643
GPL 1272 1274 -0.02944140643
GPL 1274 1276 -0.00389376935
GPL 1276 1278 -0.00389376935
GPL 1278 1280 -0.00389376935
GPL 1280 1282 0.00000000000
GPL 1282 1284 0.00000000000
GPL 1284 1286 -0.01472292235
GPL 1286 1288 0.00000000000
GPL 1288 1290 0.00000000000
GPL 1290 1292 0.00000000000
GPL 1292 1294 0.00000000000
GPL 1294 1296 0.00000000000
GPL 1296 1298 0.00000000000
GPL 1298 1300 -0.02944140643
GPL 1300 1302 -0.02944140643
GPL 1302 1304 0.00000000000
GPL 1304 1306 0.00000000000
GPL 1306 1308 0.00000000000
GPL 1308 1310 0.00000000000
GPL 1310 1312 0.00000000000
GPL 1312 1314 0.00000000000
GPL 1314 1316 0.00000000000
GPL 1316 1318 0.00000000000
GPL 1318 1320 0.00000000000
GPL 1320 1322 -0.01472292235
GPL 1322 1324 0.00000000000
GPL 1324 1326 0.00000000000
GPL 1326 1328 0.00000000000
GPL 1328 1330 0.00000000000
GPL 1330 1332 0.00000000000
GPL 1332 1334 -0.06699726845
GPL 1334 1336 -0.06699726845
GPL 1336 1338 -0.06699726845
GPL 1338 1340 -0.08828707292
GPL 1340 1342 -0.08828707292
GPL 1342 1344 -0.08828707292
GPL 1344 1346 -0.09691001301
GPL 1346 1348 -0.09691001301
GPL 1348 1350 -0.09691001301
GPL 1350 1352 0.00000000000
GPL 1352 1354 0.00000000000
GPL 1354 1356 0.00000000000
GPL 1356 1358 -0.02944140643
GPL 1358 1360 -0.02944140643
GPL 1360 1362 -0.02944140643
GPL 1362 1364 -0.02944140643
GPL 1364 1366 -0.02944140643
GPL 1366 1368 -0.02944140643
GPL 1368 1370 -0.00389376935
GPL 1370 1372 -0.13441462849
GPL 1372 1374 -0.13441462849
GPL 1374 1376 0.00000000000
GPL 1376 1378 -0.01472292235
GPL 1378 1380 -0.01076968349
GPL 1380 1382 -0.01076968349
GPL 1382 1384 -0.00073804661
GPL 1384 1386 -0.00073804661
GPL 1386 1388 -0.00073804661
GPL 1388 1390 -0.00073804661
GPL 1390 1392 -0.06699726845
GPL 1392 1394 -0.06699726845
GPL 1394 1396 -0.08828707292
GPL 1396 1398 -0.08828707292
GPL 1398 1400 -0.09691001301
GPL 1400 1402 -0.09691001301
GPL 1402 1404 -0.09691001301
GPL 1404 1406 0.00000000000
GPL 1406 1408 -0.02944140643
GPL 1408 1410 -0.02944140643
GPL 1410 1412 -0.02944140643
GPL 1412 1414 -0.02944140643
GPL 1414 1416 -0.02944140643
GPL 1416 1418 -0.00389376935
GPL 1418 1420 -0.00389376935
GPL 1420 1422 0.00000000000
GPL 1422 1424 0.00000000000
GPL 1424 1426 -0.01472292235
GPL 1426 1428 -0.01076968349
GPL 1428 1430 -0.01076968349
GPL 1430 1432 0.00000000000
GPL 1432 1434 0.00000000000
GPL 1434 1436 0.00000000000
GPL 1436 1438 0.00000000000
GPL 1438 1440 0.00000000000
GPL 1440 1442 -0.01472292235
GPL 1442 1444 0.00000000000
GPL 1444 1446 0.00000000000
GPL 1446 1448 0.00000000000
GPL 1448 1450 -0.01472292235
GPL 1450 1452 0.00000000000
GPL 1452 1454 0.00000000000
GPL 1454 1456 0.00000000000
GPL 1456 1458 0.00000000000
GPL 1458 1460 0.00000000000
GPL 1460 1462 -0.01472292235
GPL 1462 1464 0.00000000000
GPL 1464 1466 0.00000000000
GPL 1466 1468 0.00000000000
GPL 1468 1470 0.00000000000
GPL 1470 1472 0.00000000000
GPL 1472 1474 0.00000000000
GPL 1474 1476 0.00000000000
GPL 1476 1478 0.00000000000
GPL 1478 1480 -0.01472292235
GPL 1480 1482 0.00000000000
GPL 1482 1484 0.00000000000
GPL 1484 1486 -0.06699726845
GPL 1486 1488 -0.06699726845
GPL 1488 1490 0.00000000000
GPL 1490 1492 0.00000000000
GPL 1492 1494 0.00000000000
GPL 1494 1496 -0.02944140643
GPL 1496 1498 -0.02944140643
GPL 1498 1500 -0.02944140643
GPL 1500 1502 -0.02944140643
GPL 1502 1504 -0.00389376935
GPL 1504 1506 -0.00389376935
GPL 1506 1508 -0.00389376935
GPL 1508 1510 -0.13441462849
GPL 1510 1512 -0.13441462849
GPL 1512 1514 -0.13441462849
GPL 1514 1516 0.00000000000
GPL 1516 1518 0.00000000000
GPL 1518 1520 -0.00021183638
GPL 1520 1522 -0.00021183638
GPL 1522 1524 -0.00021183638
GPL 1524 1526 -0.01472292235
GPL 1526 1528 -0.01076968349
GPL 1528 1530 -0.01076968349
GPL 1530 1532 -0.01076968349
GPL 1532 1534 0.00000000000
GPL 1534 1536 0.00000000000
GPL 1536 1538 0.00000000000
GPL 1538 1540 0.00000000000
GPL 1540 1542 0.00000000000
GPL 1542 1544 0.00000000000
GPL 1544 1546 0.00000000000
GPL 1546 1548 0.00000000000
GPL 1548 1550 0.00000000000
GPL 1550 1552 0.00000000000
GPL 1552 1554 -0.01472292235
GPL 1554 1556 -0.01076968349
GPL 1556 1558 -0.01076968349
GPL 1558 1560 0.00000000000
GPL 1560 1562 0.00000000000
GPL 1562 1564 0.00000000000
GPL 1564 1566 0.00000000000
GPL 1566 1568 -0.01472292235
GPL 1568 1570 -0.01472292235
GPL 1570 1572 -0.01076968349
GPL 1572 1574 -0.00073804661
GPL 1574 1576 -0.00073804661
GPL 1576 1578 0.00000000000
GPL 1578 1580 -0.01472292235
GPL 1580 1582 0.00000000000
GPL 1582 1584 -0.01472292235
GPL 1584 1586 0.00000000000
GPL 1586 1588 0.00000000000
GPL 1588 1590 0.00000000000
GPL 1590 1592 0.00000000000
GPL 1592 1594 -0.01472292235
GPL 1594 1596 -0.01076968349
GPL 1596 1598 -0.01076968349
GPL 1598 1600 0.00000000000
GPL 1600 1602 0.00000000000
GPL 1602 1604 0.00000000000
GPL 1604 1606 -0.01472292235
GPL 1606 1608 -0.01472292235
GPL 1608 1610 -0.01076968349
GPL 1610 1612 0.00000000000
GPL 1612 1614 0.00000000000
GPL 1614 1616 0.00000000000
GPL 1616 1618 0.00000000000
GPL 1618 1620 -0.01472292235
GPL 1620 1622 -0.01472292235
GPL 1622 1624 -0.00073804661
GPL 1624 1626 -0.00073804661
GPL 1626 1628 0.00000000000
GPL 1628 1630 0.00000000000
GPL 1630 1632 0.00000000000
GPL 1632 1634 -0.01472292235
GPL 1634 1636 -0.01472292235
GPL 1636 1638 0.00000000000
GPL 1638 1640 0.00000000000
GPL 1640 1642 -0.01472292235
GPL 1642 1644 -0.01472292235
GPL 1644 1646 0.00000000000
GPL 1646 1648 -0.01472292235
GPL 1648 1650 0.00000000000
GPL 1650 1652 0.00000000000
GPL 1652 1654 -0.01472292235
GPL 1654 1656 -0.01472292235
GPL 1656 1658 0.00000000000
GPL 1658 1660 0.00000000000
GPL 1660 1662 0.00000000000
GPL 1662 1664 0.00000000000
GPL 1664 1666 -0.01472292235
GPL 1666 1668 -0.01472292235
GPL 1668 1670 0.00000000000
GPL 1670 1672 0.00000000000
GPL 1672 1674 0.00000000000
GPL 1674 1676 -0.01472292235
GPL 1676 1678 0.00000000000
GPL 1678 1680 -0.03957918986
GPL 1680 1682 -0.00502838393
GPL 1682 1684 -0.03957918986
GPL 1684 1686 -0.00005668286
GPL 1686 1688 -0.03943081457
GPL 1688 1690 -0.04744739719
GPL 1690 1692 -0.04744739719
GPL 1692 1694 -0.00148665582
GPL 1694 1696 -0.00148665582
GPL 1696 1698 -0.03943081457
GPL 1698 1700 -0.03943081457
GPL 1700 1702 -0.04744739719
GPL 1702 1704 -0.04744739719
GPL 1704 1706 0.00000000000
GPL 1706 1708 -0.00148665582
GPL 1708 1710 -0.00148665582
GPL 1710 1712 -0.00005668286
GPL 1712 1714 0.00000000000
GPL 1714 1716 0.00000000000
GPL 1716 1718 -0.03943081457
GPL 1718 1720 -0.00005668286
GPL 1720 1722 -0.00000423774
GPL 1722 1724 -0.03943081457
GPL 1724 1726 -0.03943081457
GPL 1726 1728 -0.00148665582
GPL 1728 1730 -0.00148665582
GPL 1730 1732 -0.00005668286
GPL 1732 1734 0.00000000000
GPL 1734 1736 -0.00010468501
GPL 1736 1738 -0.05585781747
GPL 1738 1740 -0.05585781747
GPL 1740 1742 -0.00679959085
GPL 1742 1744 -0.00679959085
GPL 1744 1746 -0.00679959085
GPL 1746 1748 -0.00679959085
GPL 1748 1750 -0.01297083521
GPL 1750 1752 0.00000000000
GPL 1752 1754 0.00000000000
GPL 1754 1756 -0.01329922668
GPL 1756 1758 -0.00679959085
GPL 1758 1760 -0.00679959085
GPL 1760 1762 -0.01297083521
GPL 1762 1764 -0.01297083521
GPL 1764 1766 0.00000000000
GPL 1766 1768 -0.01329922668
GPL 1768 1770 0.00000000000
GPL 1770 1772 -0.01297083521
GPL 1772 1774 -0.01297083521
GPL 1774 1776 0.00000000000
GPL 1776 1778 -0.00679959085
GPL 1778 1780 -0.00679959085
GPL 1780 1782 -0.01297083521
GPL 1782 1784 -0.01297083521
GPL 1784 1786 0.00000000000
GPL 1786 1788 0.00000000000
GPL 1788 1790 -0.01329922668
GPL 1790 1792 0.00000000000
GPL 1792 1794 -0.00679959085
GPL 1794 1796 -0.00679959085
GPL 1796 1798 -0.03638934504
GPL 1798 1800 -0.01120165098
GPL 1800 1802 -0.01297083521
GPL 1802 1804 -0.01297083521
GPL 1804 1806 0.00000000000
GPL 1806 1808 0.00000000000
GPL 1808 1810 -0.01329922668
GPL 1810 1812 0.00000000000
GPL 1812 1814 0.00000000000
GPL 1814 1816 0.00000000000
GPL 1816 1818 -0.01297083521
GPL 1818 1820 -0.01297083521
GPL 1820 1822 0.00000000000
GPL 1822 1824 -0.00006887019
GPL 1824 1826 -0.00006887019
GPL 1826 1828 -0.01297083521
GPL 1828 1830 -0.00679959085
GPL 1830 1832 -0.00679959085
GPL 1832 1834 -0.03638934504
GPL 1834 1836 -0.01297083521
GPL 1836 1838 -0.01297083521
GPL 1838 1840 0.00000000000
GPL 1840 1842 -0.00613169774
GPL 1842 1844 -0.01329922668
GPL 1844 1846 -0.01329922668
GPL 1846 1848 0.00000000000
GPL 1848 1850 -0.00679959085
GPL 1850 1852 -0.00679959085
GPL 1852 1854 -0.03638934504
GPL 1854 1856 -0.01297083521
GPL 1856 1858 -0.01297083521
GPL 1858 1860 -0.00006887019
GPL 1860 1862 -0.00006887019
GPL 1862 1864 -0.01329922668
GPL 1864 1866 0.00000000000
GPL 1866 1868 -0.06106896427
GPL 1868 1870 -0.06106896427
GPL 1870 1872 0.00000000000
GPL 1872 1874 0.00000000000
GPL 1874 1876 0.00000000000
GPL 1876 1878 -0.01297083521
GPL 1878 1880 -0.01297083521
GPL 1880 1882 0.00000000000
GPL 1882 1884 -0.01329922668
GPL 1884 1886 0.00000000000
GPL 1886 1888 -0.06106896427
GPL 1888 1890 0.00000000000
GPL 1890 1892 0.00000000000
GPL 1892 1894 -0.00679959085
GPL 1894 1896 -0.00679959085
GPL 1896 1898 -0.03638934504
GPL 1898 1900 -0.01297083521
GPL 1900 1902 -0.01297083521
GPL 1902 1904 0.00000000000
GPL 1904 1906 -0.01329922668
GPL 1906 1908 -0.01329922668
GPL 1908 1910 -0.01297083521
GPL 1910 1912 -0.01297083521
GPL 1912 1914 0.00000000000
GPL 1914 1916 -0.01297083521
GPL 1916 1918 -0.00679959085
GPL 1918 1920 -0.00679959085
GPL 1920 1922 -0.01297083521
GPL 1922 1924 -0.01297083521
GPL 1924 1926 -0.01329922668
GPL 1926 1928 0.00000000000
GPL 1928 1930 -0.00679959085
GPL 1930 1932 -0.00679959085
GPL 1932 1934 -0.03638934504
GPL 1934 1936 -0.01297083521
GPL 1936 1938 -0.01297083521
GPL 1938 1940 -0.01329922668
GPL 1940 1942 0.00000000000
GPL 1942 1944 -0.00679959085
GPL 1944 1946 -0.00679959085
GPL 1946 1948 -0.01297083521
GPL 1948 1950 0.00000000000
GPL 1950 1952 0.00000000000
GPL 1952 1954 0.00000000000
GPL 1954 1956 -0.01297083521
GPL 1956 1958 -0.01297083521
GPL 1958 1960 -0.01329922668
GPL 1960 1962 -0.00679959085
GPL 1962 1964 -0.01297083521
GPL 1964 1966 -0.01297083521
GPL 1966 1968 -0.01297083521
GPL 1968 1970 -0.01297083521
GPL 1970 1972 0.00000000000
GPL 1972 1974 -0.00679959085
GPL 1974 1976 -0.00679959085
GPL 1976 1978 -0.01297083521
GPL 1978 1980 -0.01297083521
GPL 1980 1982 0.00000000000
GPL 1982 1984 -0.01297083521
GPL 1984 1986 -0.01297083521
GPL 1986 1988 0.00000000000
GPL 1988 1990 -0.01297083521
GPL 1990 1992 -0.02601815632
GPL 1992 1994 -0.02540957738
GPL 1994 1996 -0.00004467380
GPL 1996 1998 0.00000000000
GPL 1998 2000 -0.00964245674
GPL 2000 2002 -0.00964245674
GPL 2002 2004 -0.00964245674
GPL 2004 2006 -0.02540957738
GPL 2006 2008 0.00000000000
GPL 2008 2010 -0.00010219280
GPL 2010 2012 0.00000000000
GPL 2012 2014 0.00000000000
GPL 2014 2016 0.00000000000
GPL 2016 2018 -0.05562063817
GPL 2018 2020 -0.05562063817
GPL 2020 2022 -0.17609125906
GPL 2022 2024 0.00000000000
GPL 2024 2026 0.00000000000
GPL 2026 2028 0.00000000000
GPL 2028 2030 0.00000000000
GPL 2030 2032 0.00000000000
GPL 2032 2034 -0.17609125906
GPL 2034 2036 0.00000000000
GPL 2036 2038 0.00000000000
GPL 2038 2040 0.00000000000
GPL 2040 2042 0.00000000000
GPL 2042 2044 0.00000000000
GPL 2044 2046 0.00000000000
GPL 2046 2048 0.00000000000
GPL 2048 2050 0.00000000000
GPL 2050 2052 0.00000000000
GPL 2052 2054 0.00000000000
GPL 2054 2056 0.00000000000
GPL 2056 2058 0.00000000000
GPL 2058 2060 0.00000000000
GPL 2060 2062 0.00000000000
GPL 2062 2064 0.00000000000
GPL 2064 2066 -0.02540078503
GPL 2066 2068 -0.02540078503
GPL 2068 2070 0.00000000000
GPL 2070 2072 0.00000000000
GPL 2072 2074 0.00000000000
GPL 2074 2076 -0.05562063817
GPL 2076 2078 -0.05562063817
GPL 2078 2080 0.00000000000
GPL 2080 2082 0.00000000000
GPL 2082 2084 0.00000000000
GPL 2084 2086 0.00000000000
GPL 2086 2088 0.00000000000
GPL 2088 2090 -0.02540078503
GPL 2090 2092 -0.02540078503
GPL 2092 2094 0.00000000000
GPL 2094 2096 0.00000000000
GPL 2096 2098 0.00000000000
GPL 2098 2100 0.00000000000
GPL 2100 2102 0.00000000000
GPL 2102 2104 0.00000000000
GPL 2104 2106 0.00000000000
GPL 2106 2108 0.00000000000
GPL 2108 2110 0.00000000000
GPL 2110 2112 -0.05562063817
GPL 2112 2114 -0.05562063817
GPL 2114 2116 0.00000000000
GPL 2116 2118 0.00000000000
GPL 2118 2120 0.00000000000
GPL 2120 2122 0.00000000000
GPL 2122 2124 0.00000000000
GPL 2124 2126 0.00000000000
GPL 2126 2128 0.00000000000
GPL 2128 2130 -0.02540078503
GPL 2130 2132 -0.02540078503
GPL 2132 2134 0.00000000000
GPL 2134 2136 0.00000000000
GPL 2136 2138 -0.05562063817
GPL 2138 2140 -0.05562063817
GPL 2140 2142 0.00000000000
GPL 2142 2144 0.00000000000
GPL 2144 2146 -0.05562063817
GPL 2146 2148 -0.05562063817
GPL 2148 2150 0.00000000000
GPL 2150 2152 0.00000000000
GPL 2152 2154 0.00000000000
GPL 2154 2156 0.00000000000
GPL 2156 2158 0.00000000000
GPL 2158 2160 -0.05562063817
GPL 2160 2162 -0.05562063817
GPL 2162 2164 0.00000000000
GPL 2164 2166 0.00000000000
GPL 2166 2168 -0.05562063817
GPL 2168 2170 -0.05562063817
GPL 2170 2172 0.00000000000
GPL 2172 2174 0.00000000000
GPL 2174 2176 0.00000000000
GPL 2176 2178 0.00000000000
GPL 2178 2180 0.00000000000
GPL 2180 2182 0.00000000000
GPL 2182 2184 0.00000000000
GPL 2184 2186 0.00000000000
GPL 2186 2188 -0.01732360400
GPL 2188 2190 -0.01732360400
GPL 2190 2192 -0.01732360400
GPL 2192 2194 -0.00618992287
GPL 2194 2196 -0.01732360400
GPL 2196 2198 -0.01626181017
GPL 2198 2200 0.00000000000
GPL 2200 2202 -0.01732360400
GPL 2202 2204 -0.00618992287
GPL 2204 2206 -0.00618992287
GPL 2206 2208 -0.01732360400
GPL 2208 2210 -0.01732360400
GPL 2210 2212 0.00000000000
GPL 2212 2214 -0.00618992287
GPL 2214 2216 0.00000000000
GPL 2216 2218 -0.01344028293
GPL 2218 2220 -0.00046884586
GPL 2220 2222 -0.00046884586
GPL 2222 2224 0.00000000000
GPL 2224 2226 0.00000000000
GPL 2226 2228 0.00000000000
GPL 2228 2230 -0.01732360400
GPL 2230 2232 -0.00618992287
GPL 2232 2234 -0.00618992287
GPL 2234 2236 0.00000000000
GPL 2236 2238 0.00000000000
GPL 2238 2240 -0.00618992287
GPL 2240 2242 0.00000000000
GPL 2242 2244 -0.01732360400
GPL 2244 2246 -0.01732360400
GPL 2246 2248 -0.00618992287
GPL 2248 2250 -0.00046884586
GPL 2250 2252 -0.01626181017
GPL 2252 2254 -0.01626181017
GPL 2254 2256 -0.01626181017
GPL 2256 2258 -0.01626181017
GPL 2258 2260 0.00000000000
GPL 2260 2262 -0.30102999566
GPL 2262 2264 -0.01732360400
GPL 2264 2266 -0.00618992287
GPL 2266 2268 -0.01626181017
GPL 2268 2270 -0.00214647656
GPL 2270 2272 0.00000000000
GPL 2272 2274 -0.01732360400
GPL 2274 2276 -0.01732360400
GPL 2276 2278 -0.00618992287
GPL 2278 2280 -0.01626181017
GPL 2280 2282 -0.01626181017
GPL 2282 2284 0.00000000000
GPL 2284 2286 0.00000000000
GPL 2286 2288 0.00000000000
GPL 2288 2290 -0.00618992287
GPL 2290 2292 -0.00618992287
GPL 2292 2294 0.00000000000
GPL 2294 2296 -0.01344028293
GPL 2296 2298 -0.00046884586
GPL 2298 2300 -0.01626181017
GPL 2300 2302 -0.01732360400
GPL 2302 2304 -0.00618992287
GPL 2304 2306 -0.00214647656
GPL 2306 2308 -0.00214647656
GPL 2308 2310 -0.01732360400
GPL 2310 2312 -0.03191347474
GPL 2312 2314 -0.00618992287
GPL 2314 2316 -0.01344028293
GPL 2316 2318 -0.01626181017
GPL 2318 2320 0.00000000000
GPL 2320 2322 -0.01732360400
GPL 2322 2324 -0.00618992287
GPL 2324 2326 -0.00007352713
GPL 2326 2328 -0.00046884586
GPL 2328 2330 -0.01626181017
GPL 2330 2332 -0.03191347474
GPL 2332 2334 -0.00618992287
GPL 2334 2336 -0.01626181017
GPL 2336 2338 -0.04071948068
GPL 2338 2340 0.00000000000
GPL 2340 2342 -0.01732360400
GPL 2342 2344 -0.03191347474
GPL 2344 2346 -0.00618992287
GPL 2346 2348 -0.01626181017
GPL 2348 2350 -0.01732360400
GPL 2350 2352 -0.00618992287
GPL 2352 2354 -0.01732360400
GPL 2354 2356 -0.01732360400
GPL 2356 2358 -0.03191347474
GPL 2358 2360 -0.00618992287
GPL 2360 2362 -0.01626181017
GPL 2362 2364 -0.00214647656
GPL 2364 2366 -0.00214647656
GPL 2366 2368 -0.01732360400
GPL 2368 2370 -0.00618992287
GPL 2370 2372 -0.02229164355
GPL 2372 2374 -0.03191347474
GPL 2374 2376 -0.00618992287
GPL 2376 2378 -0.00214647656
GPL 2378 2380 -0.00029262297
GPL 2380 2382 -0.00029262297
GPL 2382 2384 -0.00004112926
GPL 2384 2386 -0.00004112926
GPL 2386 2388 -0.00029262297
GPL 2388 2390 -0.00029262297
GPL 2390 2392 -0.00004112926
GPL 2392 2394 -0.00029262297
GPL 2394 2396 -0.01459366767
GPL 2396 2398 -0.01459366767
GPL 2398 2400 -0.07283209786
GPL 2400 2402 -0.07283209786
GPL 2402 2404 -0.07918124605
GPL 2404 2406 -0.01459366767
GPL 2406 2408 -0.07918124605
GPL 2408 2410 -0.07918124605
GPL 2410 2412 -0.01459366767
GPL 2412 2414 0.00000000000
GPL 2414 2416 -0.00126216855
GPL 2416 2418 -0.07918124605
GPL 2418 2420 -0.07918124605
GPL 2420 2422 -0.07918124605
GPL 2422 2424 -0.07918124605
GPL 2424 2426 0.00000000000
GPL 2426 2428 -0.01459366767
GPL 2428 2430 0.00000000000
GPL 2430 2432 -0.00007352713
GPL 2432 2434 -0.00012870610
GPL 2434 2436 -0.00126216855
GPL 2436 2438 -0.00126216855
GPL 2438 2440 -0.07918124605
GPL 2440 2442 -0.07918124605
GPL 2442 2444 -0.00126216855
GPL 2444 2446 -0.00631457059
GPL 2446 2448 -0.00631457059
GPL 2448 2450 -0.00631457059
GPL 2450 2452 -0.09691001301
GPL 2452 2454 -0.09691001301
GPL 2454 2456 -0.09691001301
GPL 2456 2458 -0.09691001301
GPL 2458 2460 0.00000000000
GPL 2460 2462 -0.09691001301
GPL 2462 2464 -0.09691001301
GPL 2464 2466 -0.30102999566
GPL 2466 2468 -0.09691001301
GPL 2468 2470 -0.09691001301
SPH 2610 2612 0.00000000000
SPH 2612 2614 -0.12493873661
SPH 2614 2616 -0.12493873661
SPH 2616 2618 -0.12493873661
SPH 2618 2620 -0.17609125906
SPH 2620 2622 -0.17609125906
SPH 2622 2624 -0.17609125906
SPH 2624 2626 0.00000000000
SPH 2626 2628 0.00000000000
SPH 2628 2630 0.00000000000
SPH 2630 2632 0.00000000000
SPH 2632 2634 -0.12493873661
SPH 2634 2636 -0.12493873661
SPH 2636 2638 -0.12493873661
SPH 2638 2640 -0.17609125906
SPH 2640 2642 -0.17609125906
SPH 2642 2644 -0.17609125906
SPH 2644 2646 -0.12493873661
SPH 2646 2648 -0.12493873661
SPH 2648 2650 -0.12493873661
SPH 2650 2652 0.00000000000
SPH 2652 2654 0.00000000000
SPH 2654 2656 0.00000000000
SPH 2656 2658 0.00000000000
SPH 2658 2660 0.00000000000
SPH 2660 2662 0.00000000000
SPH 2662 2664 0.00000000000
SPH 2664 2666 0.00000000000
SPH 2666 2668 0.00000000000
SPH 2668 2670 0.00000000000
SPH 2670 2672 0.00000000000
SPH 2672 2674 -0.01942014562
SPH 2674 2676 -0.01942014562
SPH 2676 2678 -0.01942014562
SPH 2678 2680 -0.01942014562
SPH 2680 2682 -0.01942014562
SPH 2682 2684 -0.01942014562
SPH 2684 2686 -0.01942014562
SPH 2686 2688 -0.01942014562
SPH 2688 2690 -0.01942014562
SPH 2690 2692 -0.01942014562
SPH 2692 2694 -0.01942014562
SPH 2694 2696 -0.01942014562
SPH 2696 2698 -0.01942014562
SPH 2698 2700 -0.01942014562
SPH 2700 2702 -0.01942014562
SPH 2702 2704 -0.01942014562
SPH 2704 2706 -0.01942014562
SPH 2706 2708 -0.01942014562
SPH 2708 2710 -0.01942014562
SPH 2710 2712 0.00000000000
SPH 2712 2714 -0.01942014562
SPH 2714 2716 -0.01942014562
SPH 2716 2718 -0.01942014562
SPH 2718 2720 -0.01942014562
SPH 2720 2722 -0.01942014562
SPH 2722 2724 -0.00011841283
SPH 2724 2726 0.00000000000
SPH 2726 2728 -0.00763045607
SPH 2728 2730 -0.00763045607
SPH 2730 2732 -0.00763045607
SPH 2732 2734 -0.00763045607
SPH 2734 2736 -0.00763045607
SPH 2736 2738 -0.00763045607
SPH 2738 2740 -0.00763045607
SPH 2740 2742 -0.00763045607
SPH 2742 2744 -0.00763045607
SPH 2744 2746 -0.00763045607
SPH 2746 2748 -0.00763045607
SPH 2748 2750 -0.00763045607
SPH 2750 2752 0.00000000000
SPH 2752 2754 -0.00763045607
SPH 2754 2756 -0.00763045607
SPH 2756 2758 0.00000000000
SPH 2758 2760 -0.00763045607
SPH 2760 2762 -0.00763045607
SPH 2762 2764 -0.00763045607
SPH 2764 2766 -0.00763045607
SPH 2766 2768 0.00000000000
SPH 2768 2770 0.00000000000
SPH 2770 2772 -0.00763045607
SPH 2772 2774 -0.00763045607
SPH 2774 2776 -0.00763045607
SPH 2776 2778 -0.00763045607
SPH 2778 2780 -0.10324063024
SPH 2780 2782 -0.10324063024
SPH 2782 2784 -0.10324063024
SPH 2784 2786 -0.10324063024
SPH 2786 2788 -0.10324063024
SPH 2788 2790 -0.10324063024
SPH 2790 2792 -0.00763045607
SPH 2792 2794 -0.00763045607
SPH 2794 2796 -0.00763045607
SPH 2796 2798 -0.01597867563
SPH 2798 2800 -0.01597867563
SPH 2800 2802 -0.01597867563
SPH 2802 2804 -0.01597867563
SPH 2804 2806 -0.01597867563
SPH 2806 2808 -0.01597867563
SPH 2808 2810 -0.01597867563
SPH 2810 2812 -0.01597867563
SPH 2812 2814 -0.01597867563
SPH 2814 2816 -0.01597867563
SPH 2816 2818 -0.01597867563
SPH 2818 2820 -0.01597867563
SPH 2820 2822 -0.01597867563
SPH 2822 2824 -0.01597867563
SPH 2824 2826 -0.01427590475
SPH 2826 2828 -0.01427590475
SPH 2828 2830 -0.01597867563
SPH 2830 2832 -0.01597867563
SPH 2832 2834 -0.01597867563
SPH 2834 2836 -0.01597867563
SPH 2836 2838 -0.01597867563
SPH 2838 2840 -0.01427590475
SPH 2840 2842 -0.01427590475
SPH 2842 2844 -0.01597867563
SPH 2844 2846 -0.01597867563
SPH 2846 2848 0.00000000000
SPH 2848 2850 -0.01597867563
SPH 2850 2852 -0.01597867563
SPH 2852 2854 -0.01597867563
SPH 2854 2856 -0.01597867563
SPH 2856 2858 -0.01597867563
SPH 2858 2860 -0.01597867563
SPH 2860 2862 0.00000000000
SPH 2862 2864 -0.01597867563
SPH 2864 2866 -0.01597867563
SPH 2866 2868 -0.01597867563
SPH 2868 2870 -0.01597867563
SPH 2870 2872 -0.01597867563
SPH 2872 2874 -0.01597867563
SPH 2874 2876 -0.01597867563
SPH 2876 2878 -0.01597867563
SPH 2878 2880 0.00000000000
SPH 2880 2882 -0.00869949563
SPH 2882 2884 -0.00869949563
SPH 2884 2886 0.00000000000
SPH 2886 2888 0.00000000000
SPH 2888 2890 0.00000000000
SPH 2890 2892 -0.00869949563
SPH 2892 2894 -0.00869949563
SPH 2894 2896 -0.00869949563
SPH 2896 2898 -0.00869949563
SPH 2898 2900 -0.00869949563
SPH 2900 2902 -0.00869949563
SPH 2902 2904 -0.00869949563
SPH 2904 2906 -0.00869949563
SPH 2906 2908 0.00000000000
SPH 2908 2910 -0.00869949563
SPH 2910 2912 -0.00869949563
SPH 2912 2914 -0.00869949563
SPH 2914 2916 0.00000000000
SPH 2916 2918 -0.00869949563
SPH 2918 2920 -0.00869949563
SPH 2920 2922 0.00000000000
SPH 2922 2924 0.00000000000
SPH 2924 2926 0.00000000000
SPH 2926 2928 0.00000000000
SPH 2928 2930 -0.00869949563
SPH 2930 2932 -0.00869949563
SPH 2932 2934 0.00000000000
SPH 2934 2936 0.00000000000
SPH 2936 2938 0.00000000000
SPH 2938 2940 0.00000000000
SPH 2940 2942 0.00000000000
SPH 2942 2944 0.00000000000
SPH 2944 2946 0.00000000000
SPH 2946 2948 -0.00869949563
SPH 2948 2950 -0.00869949563
SPH 2950 2952 0.00000000000
SPH 2952 2954 0.00000000000
VIT 2954 2956 0.00000000000
VIT 2956 2958 0.00000000000
VIT 2958 2960 0.00000000000
VIT 2960 2962 0.00000000000
VIT 2962 2964 0.00000000000
VIT 2964 2966 0.00000000000
VIT 2966 2968 0.00000000000
VIT 2968 2970 0.00000000000
CRABP2 9 10 -0.17229223737
FABP3 496 497 -0.07918124605
FABP7 478 479 -0.05115252245
SCP2D1 962 963 -0.03292692851
FABP1 927 928 -0.04357479967
FABP1 928 929 -0.04357479967
PMP2 486 487 -0.05799194698
SEC14L4 501 502 -0.09691001301
FABP1 929 930 -0.04357479967
SEC14L4 502 503 -0.09691001301
TTPAL 530 531 -0.00004116987
CRABP2 10 11 -0.17229223737
FABP3 497 498 -0.07918124605
FABP3 498 499 -0.07918124605
FABP7 479 480 -0.05115252245
FABP7 480 481 -0.05115252245
FABP2 493 494 -0.12493873661
FABP2 494 495 -0.12493873661
SCP2D1 963 964 -0.03292692851
FABP5 3 4 -0.30102999566
FABP1 930 931 -0.04357479967
FABP1 931 932 -0.04357479967
PMP2 487 488 -0.05799194698
PMP2 488 489 -0.05799194698
CLVS2 0 1 -0.30102999566
SEC14L4 503 504 -0.09691001301
FABP3 499 500 -0.07918124605
FABP7 481 482 -0.05115252245
FABP1 932 933 -0.04357479967
PMP2 489 490 -0.05799194698
FABP1 933 934 -0.04357479967
FABP1 934 935 -0.04357479967
SEC14L4 504 505 -0.09691001301
FABP7 482 483 -0.05115252245
PMP2 490 491 -0.05799194698
FABP3 500 501 -0.07918124605
FABP7 483 484 -0.05115252245
FABP2 495 496 -0.12493873661
SCP2D1 964 965 -0.03292692851
FABP1 935 936 -0.04357479967
PMP2 491 492 -0.05799194698
STARD6 5 6 0.00000000000
HSDL2 53 54 0.00000000000
CLVS2 1 2 0.00000000000
FABP7 484 485 -0.05115252245
FABP5 4 5 0.00000000000
FABP7 485 486 -0.05115252245
PMP2 492 493 -0.05799194698
CRABP2 11 12 0.00000000000
FABP1 936 937 -0.00505240300
FABP1 937 938 -0.00505240300
FABP1 938 939 -0.00505240300
SEC14L2 461 462 0.00000000000
SEC14L2 462 463 0.00000000000
SEC14L2 463 464 0.00000000000
LCN8 82 83 0.00000000000
TTPA 505 506 0.00000000000
CERT 15 16 0.00000000000
CERT 16 17 0.00000000000
CERT 17 18 0.00000000000
CERT 18 19 0.00000000000
OSBP2 58 59 0.00000000000
CERT 19 20 0.00000000000
TTPA 506 507 0.00000000000
PITPNB 116 117 0.00000000000
CERT 20 21 0.00000000000
CERT 21 22 0.00000000000
OSBP2 59 60 0.00000000000
HSDL2 54 55 0.00000000000
OSBP2 60 61 0.00000000000
BPIFB2 174 175 0.00000000000
PITPNC1 639 640 -0.02801953183
PITPNC1 640 641 -0.02801953183
TTPAL 531 532 -0.00011687206
PITPNC1 641 642 -0.02801953183
PITPNC1 642 643 -0.02801953183
PITPNC1 643 644 -0.02801953183
PITPNC1 644 645 -0.02801953183
PITPNC1 645 646 -0.02801953183
PITPNC1 646 647 -0.02801953183
TTPAL 532 533 -0.00011687206
PITPNC1 647 648 -0.02801953183
PITPNC1 648 649 -0.02801953183
TTPAL 533 534 -0.00011687206
PITPNC1 649 650 -0.02801953183
PITPNC1 650 651 -0.02801953183
PITPNC1 651 652 -0.02801953183
PITPNC1 652 653 -0.02801953183
PITPNC1 653 654 -0.02801953183
TTPAL 534 535 -0.00011687206
PITPNC1 654 655 -0.02801953183
PITPNC1 655 656 -0.02801953183
PITPNC1 656 657 -0.02801953183
TTPAL 535 536 -0.00011687206
PITPNC1 657 658 -0.02801953183
PITPNC1 658 659 -0.02801953183
PITPNC1 659 660 -0.02801953183
PITPNC1 660 661 -0.02801953183
PITPNC1 661 662 -0.02801953183
PITPNC1 662 663 -0.02801953183
TTPAL 536 537 -0.00011687206
PITPNC1 663 664 -0.02801953183
PITPNC1 664 665 -0.02801953183
TTPAL 537 538 -0.00011687206
TTPA 507 508 -0.00045613914
PITPNC1 665 666 -0.02801953183
PITPNC1 666 667 -0.02801953183
PITPNC1 667 668 -0.02801953183
PITPNC1 668 669 -0.02801953183
SCP2D1 965 966 0.00000000000
SCP2D1 966 967 0.00000000000
FABP1 939 940 0.00000000000
SCP2D1 967 968 0.00000000000
SCP2D1 968 969 0.00000000000
SCP2D1 969 970 0.00000000000
LCN1 244 245 0.00000000000
BPIFB2 175 176 0.00000000000
SEC14L6 826 827 0.00000000000
BNIPL 83 84 0.00000000000
BPI 205 206 0.00000000000
BPIFB2 176 177 0.00000000000
LCN1 245 246 0.00000000000
SEC14L6 827 828 0.00000000000
PCTP 733 734 -0.00153894131
PCTP 734 735 -0.00153894131
STARD10 281 282 0.00000000000
BPIFB2 177 178 0.00000000000
LCN1 246 247 0.00000000000
PCTP 735 736 0.00000000000
BPI 206 207 0.00000000000
BPIFB2 178 179 0.00000000000
LCN1 247 248 0.00000000000
SEC14L6 828 829 0.00000000000
PCTP 736 737 -0.00153894131
STARD10 282 283 0.00000000000
PCTP 737 738 -0.00001003412
BPI 207 208 0.00000000000
BPIFB2 179 180 0.00000000000
BPIFB2 180 181 0.00000000000
LCN1 248 249 0.00000000000
LCN1 249 250 0.00000000000
SEC14L6 829 830 0.00000000000
PCTP 738 739 0.00000000000
PCTP 739 740 0.00000000000
STARD10 283 284 0.00000000000
PCTP 740 741 0.00000000000
BPI 208 209 0.00000000000
BPIFB2 181 182 0.00000000000
LCN1 250 251 0.00000000000
PCTP 741 742 0.00000000000
STARD10 284 285 0.00000000000
GM2A 103 104 0.00000000000
GM2A 104 105 0.00000000000
GM2A 105 106 0.00000000000
LCN1 251 252 0.00000000000
PCTP 742 743 0.00000000000
LCN1 252 253 0.00000000000
PCTP 743 744 0.00000000000
PCTP 744 745 0.00000000000
PCTP 745 746 0.00000000000
STARD10 285 286 0.00000000000
BPI 209 210 0.00000000000
BPIFB2 182 183 0.00000000000
BPI 210 211 0.00000000000
BPIFB2 183 184 0.00000000000
LCN1 253 254 0.00000000000
SEC14L6 830 831 0.00000000000
BPI 211 212 0.00000000000
BPIFB2 184 185 0.00000000000
LCN1 254 255 0.00000000000
PITPNB 117 118 0.00000000000
SEC14L6 831 832 0.00000000000
PCTP 746 747 0.00000000000
BPIFB2 185 186 0.00000000000
LCN1 255 256 0.00000000000
PITPNA 399 400 0.00000000000
PCTP 747 748 0.00000000000
STARD10 286 287 0.00000000000
LCN1 256 257 0.00000000000
LCN1 257 258 0.00000000000
PCTP 748 749 0.00000000000
BPI 212 213 0.00000000000
BPIFB2 186 187 0.00000000000
GM2A 106 107 -0.02718921200
GM2A 107 108 -0.02718921200
LCN1 258 259 0.00000000000
PCTP 749 750 0.00000000000
BPI 213 214 0.00000000000
SEC14L6 832 833 0.00000000000
PITPNA 400 401 0.00000000000
PITPNB 118 119 0.00000000000
ATCAY 397 398 0.00000000000
BPI 214 215 -0.06699726845
BPI 215 216 -0.06699726845
BPI 216 217 -0.06699726845
BPI 217 218 -0.06699726845
BPIFB2 187 188 -0.08828707292
BPIFB2 188 189 -0.08828707292
BPIFB2 189 190 -0.08828707292
BPIFB2 190 191 -0.08828707292
LCN1 259 260 -0.09691001301
LCN1 260 261 -0.09691001301
LCN1 261 262 -0.09691001301
LCN1 262 263 -0.09691001301
PITPNB 119 120 0.00000000000
SEC14L1 39 40 0.00000000000
SEC14L6 833 834 0.00000000000
PCTP 750 751 -0.02944140643
PCTP 751 752 -0.02944140643
PCTP 752 753 -0.02944140643
PCTP 753 754 -0.02944140643
PCTP 754 755 -0.02944140643
PCTP 755 756 -0.00389376935
PCTP 756 757 -0.00389376935
PCTP 757 758 -0.00389376935
STARD10 287 288 0.00000000000
CERT 22 23 0.00000000000
PCTP 758 759 -0.01472292235
PITPNA 401 402 0.00000000000
PITPNB 120 121 0.00000000000
BPI 218 219 0.00000000000
BPIFB2 191 192 0.00000000000
LCN1 263 264 0.00000000000
SEC14L6 834 835 0.00000000000
PCTP 759 760 -0.02944140643
PCTP 760 761 -0.02944140643
STARD10 288 289 0.00000000000
PITPNB 121 122 0.00000000000
BPI 219 220 0.00000000000
BPIFB2 192 193 0.00000000000
GM2A 108 109 0.00000000000
LCN1 264 265 0.00000000000
PITPNA 402 403 0.00000000000
SEC14L6 835 836 0.00000000000
PCTP 761 762 0.00000000000
PCTP 762 763 -0.01472292235
PITPNB 122 123 0.00000000000
LCN1 265 266 0.00000000000
STARD10 289 290 0.00000000000
PITPNA 403 404 0.00000000000
ATCAY 398 399 0.00000000000
BPI 220 221 -0.06699726845
BPI 221 222 -0.06699726845
BPI 222 223 -0.06699726845
BPIFB2 193 194 -0.08828707292
BPIFB2 194 195 -0.08828707292
BPIFB2 195 196 -0.08828707292
LCN1 266 267 -0.09691001301
LCN1 267 268 -0.09691001301
LCN1 268 269 -0.09691001301
PITPNB 123 124 0.00000000000
SEC14L6 836 837 0.00000000000
SEC14L6 837 838 0.00000000000
PCTP 763 764 -0.02944140643
PCTP 764 765 -0.02944140643
PCTP 765 766 -0.02944140643
PCTP 766 767 -0.02944140643
PCTP 767 768 -0.02944140643
PCTP 768 769 -0.02944140643
PCTP 769 770 -0.00389376935
STARD10 290 291 -0.13441462849
STARD10 291 292 -0.13441462849
CERT 23 24 0.00000000000
PCTP 770 771 -0.01472292235
PITPNA 404 405 -0.01076968349
PITPNA 405 406 -0.01076968349
PITPNB 124 125 -0.00073804661
PITPNB 125 126 -0.00073804661
PITPNB 126 127 -0.00073804661
PITPNB 127 128 -0.00073804661
BPI 223 224 -0.06699726845
BPI 224 225 -0.06699726845
BPIFB2 196 197 -0.08828707292
BPIFB2 197 198 -0.08828707292
LCN1 269 270 -0.09691001301
LCN1 270 271 -0.09691001301
LCN1 271 272 -0.09691001301
PITPNB 128 129 0.00000000000
PCTP 771 772 -0.02944140643
PCTP 772 773 -0.02944140643
PCTP 773 774 -0.02944140643
PCTP 774 775 -0.02944140643
PCTP 775 776 -0.02944140643
PCTP 776 777 -0.00389376935
PCTP 777 778 -0.00389376935
STARD10 292 293 0.00000000000
STARD10 293 294 0.00000000000
PCTP 778 779 -0.01472292235
PITPNA 406 407 -0.01076968349
PITPNA 407 408 -0.01076968349
PITPNB 129 130 0.00000000000
BPIFB2 198 199 0.00000000000
LCN1 272 273 0.00000000000
PCTP 779 780 0.00000000000
STARD10 294 295 0.00000000000
PCTP 780 781 -0.01472292235
PITPNB 130 131 0.00000000000
BPIFB2 199 200 0.00000000000
PCTP 781 782 0.00000000000
PCTP 782 783 -0.01472292235
PITPNA 408 409 0.00000000000
PITPNB 131 132 0.00000000000
PITPNB 132 133 0.00000000000
BPIFB2 200 201 0.00000000000
STARD10 295 296 0.00000000000
PCTP 783 784 -0.01472292235
PITPNA 409 410 0.00000000000
PITPNB 133 134 0.00000000000
BPI 225 226 0.00000000000
BPIFB2 201 202 0.00000000000
LCN1 273 274 0.00000000000
SEC14L6 838 839 0.00000000000
PCTP 784 785 0.00000000000
RLBP1 85 86 0.00000000000
PCTP 785 786 -0.01472292235
PITPNA 410 411 0.00000000000
PITPNB 134 135 0.00000000000
BPI 226 227 -0.06699726845
BPI 227 228 -0.06699726845
BPIFB2 202 203 0.00000000000
LCN1 274 275 0.00000000000
LCN1 275 276 0.00000000000
PCTP 786 787 -0.02944140643
PCTP 787 788 -0.02944140643
PCTP 788 789 -0.02944140643
PCTP 789 790 -0.02944140643
PCTP 790 791 -0.00389376935
PCTP 791 792 -0.00389376935
PCTP 792 793 -0.00389376935
STARD10 296 297 -0.13441462849
STARD10 297 298 -0.13441462849
STARD10 298 299 -0.13441462849
SCP2 88 89 0.00000000000
TTPAL 538 539 0.00000000000
STARD10 299 300 -0.00021183638
STARD10 300 301 -0.00021183638
STARD10 301 302 -0.00021183638
PCTP 793 794 -0.01472292235
PITPNA 411 412 -0.01076968349
PITPNA 412 413 -0.01076968349
PITPNA 413 414 -0.01076968349
HSDL2 55 56 0.00000000000
PITPNB 135 136 0.00000000000
PITPNB 136 137 0.00000000000
PITPNB 137 138 0.00000000000
BPI 228 229 0.00000000000
BPIFB2 203 204 0.00000000000
SEC14L6 839 840 0.00000000000
PCTP 794 795 0.00000000000
STARD10 302 303 0.00000000000
STARD10 303 304 0.00000000000
PCTP 795 796 -0.01472292235
PITPNA 414 415 -0.01076968349
PITPNA 415 416 -0.01076968349
PITPNB 138 139 0.00000000000
LCN1 276 277 0.00000000000
PCTP 796 797 0.00000000000
STARD10 304 305 0.00000000000
PCTP 797 798 -0.01472292235
PCTP 798 799 -0.01472292235
PITPNA 416 417 -0.01076968349
PITPNB 139 140 -0.00073804661
PITPNB 140 141 -0.00073804661
PCTP 799 800 0.00000000000
PCTP 800 801 -0.01472292235
PCTP 801 802 0.00000000000
PCTP 802 803 -0.01472292235
BPI 229 230 0.00000000000
STARD10 305 306 0.00000000000
PITPNB 141 142 0.00000000000
PCTP 803 804 0.00000000000
PCTP 804 805 -0.01472292235
PITPNA 417 418 -0.01076968349
PITPNA 418 419 -0.01076968349
PITPNB 142 143 0.00000000000
PCTP 805 806 0.00000000000
STARD10 306 307 0.00000000000
PCTP 806 807 -0.01472292235
PCTP 807 808 -0.01472292235
PITPNA 419 420 -0.01076968349
PITPNB 143 144 0.00000000000
LCN1 277 278 0.00000000000
PCTP 808 809 0.00000000000
STARD10 307 308 0.00000000000
PCTP 809 810 -0.01472292235
PCTP 810 811 -0.01472292235
PITPNB 144 145 -0.00073804661
PITPNB 145 146 -0.00073804661
LCN1 278 279 0.00000000000
PCTP 811 812 0.00000000000
STARD10 308 309 0.00000000000
PCTP 812 813 -0.01472292235
PCTP 813 814 -0.01472292235
PCTP 814 815 0.00000000000
STARD10 309 310 0.00000000000
PCTP 815 816 -0.01472292235
PCTP 816 817 -0.01472292235
GM2A 109 110 0.00000000000
PCTP 817 818 -0.01472292235
PITPNA 420 421 0.00000000000
PITPNB 146 147 0.00000000000
PCTP 818 819 -0.01472292235
PCTP 819 820 -0.01472292235
PITPNA 421 422 0.00000000000
PITPNB 147 148 0.00000000000
PCTP 820 821 0.00000000000
PCTP 821 822 0.00000000000
PCTP 822 823 -0.01472292235
PCTP 823 824 -0.01472292235
LCN1 279 280 0.00000000000
PCTP 824 825 0.00000000000
STARD10 310 311 0.00000000000
PCTP 825 826 -0.01472292235
HSDL2 56 57 0.00000000000
SCP2D1 970 971 -0.03957918986
GLTP 841 842 -0.00502838393
SCP2D1 971 972 -0.03957918986
TTPAL 539 540 -0.00005668286
SCP2D1 972 973 -0.03943081457
GLTP 842 843 -0.04744739719
GLTP 843 844 -0.04744739719
FABP1 940 941 -0.00148665582
FABP1 941 942 -0.00148665582
SCP2D1 973 974 -0.03943081457
SCP2D1 974 975 -0.03943081457
GLTP 844 845 -0.04744739719
GLTP 845 846 -0.04744739719
RLBP1 86 87 0.00000000000
FABP1 942 943 -0.00148665582
FABP1 943 944 -0.00148665582
TTPAL 540 541 -0.00005668286
RBP1 6 7 0.00000000000
SCP2D1 975 976 0.00000000000
SCP2D1 976 977 -0.03943081457
TTPAL 541 542 -0.00005668286
STARD10 311 312 -0.00000423774
SCP2D1 977 978 -0.03943081457
SCP2D1 978 979 -0.03943081457
FABP1 944 945 -0.00148665582
FABP1 945 946 -0.00148665582
TTPAL 542 543 -0.00005668286
SCP2D1 979 980 0.00000000000
STARD10 312 313 -0.00010468501
STARD10 313 314 -0.05585781747
STARD10 314 315 -0.05585781747
TTPAL 543 544 -0.00679959085
TTPAL 544 545 -0.00679959085
TTPAL 545 546 -0.00679959085
TTPAL 546 547 -0.00679959085
STARD10 315 316 -0.01297083521
TTPAL 547 548 0.00000000000
FABP6 626 627 0.00000000000
PITPNA 422 423 -0.01329922668
TTPAL 548 549 -0.00679959085
TTPAL 549 550 -0.00679959085
STARD10 316 317 -0.01297083521
STARD10 317 318 -0.01297083521
FABP1 946 947 0.00000000000
PITPNA 423 424 -0.01329922668
TTPAL 550 551 0.00000000000
STARD10 318 319 -0.01297083521
STARD10 319 320 -0.01297083521
SCP2 89 90 0.00000000000
TTPAL 551 552 -0.00679959085
TTPAL 552 553 -0.00679959085
STARD10 320 321 -0.01297083521
STARD10 321 322 -0.01297083521
TTPAL 553 554 0.00000000000
FABP6 627 628 0.00000000000
PITPNA 424 425 -0.01329922668
BPI 230 231 0.00000000000
TTPAL 554 555 -0.00679959085
TTPAL 555 556 -0.00679959085
TTPA 508 509 -0.03638934504
CRABP2 12 13 -0.01120165098
STARD10 322 323 -0.01297083521
STARD10 323 324 -0.01297083521
FABP6 628 629 0.00000000000
PITPNC1 669 670 0.00000000000
PITPNA 425 426 -0.01329922668
SCP2 90 91 0.00000000000
OSBPL9 61 62 0.00000000000
TTPAL 556 557 0.00000000000
STARD10 324 325 -0.01297083521
STARD10 325 326 -0.01297083521
FABP6 629 630 0.00000000000
FABP1 947 948 -0.00006887019
FABP1 948 949 -0.00006887019
STARD10 326 327 -0.01297083521
TTPAL 557 558 -0.00679959085
TTPAL 558 559 -0.00679959085
TTPA 509 510 -0.03638934504
STARD10 327 328 -0.01297083521
STARD10 328 329 -0.01297083521
FABP6 630 631 0.00000000000
SCP2D1 980 981 -0.00613169774
PITPNA 426 427 -0.01329922668
PITPNA 427 428 -0.01329922668
SCP2 91 92 0.00000000000
TTPAL 559 560 -0.00679959085
TTPAL 560 561 -0.00679959085
TTPA 510 511 -0.03638934504
STARD10 329 330 -0.01297083521
STARD10 330 331 -0.01297083521
FABP1 949 950 -0.00006887019
FABP1 950 951 -0.00006887019
PITPNA 428 429 -0.01329922668
BPI 231 232 0.00000000000
GM2A 110 111 -0.06106896427
GM2A 111 112 -0.06106896427
SEC14L6 840 841 0.00000000000
OSBPL9 62 63 0.00000000000
TTPAL 561 562 0.00000000000
STARD10 331 332 -0.01297083521
STARD10 332 333 -0.01297083521
FABP6 631 632 0.00000000000
PITPNA 429 430 -0.01329922668
BPI 232 233 0.00000000000
GM2A 112 113 -0.06106896427
SCP2 92 93 0.00000000000
OSBPL9 63 64 0.00000000000
TTPAL 562 563 -0.00679959085
TTPAL 563 564 -0.00679959085
TTPA 511 512 -0.03638934504
STARD10 333 334 -0.01297083521
STARD10 334 335 -0.01297083521
FABP6 632 633 0.00000000000
PITPNA 430 431 -0.01329922668
PITPNA 431 432 -0.01329922668
STARD10 335 336 -0.01297083521
STARD10 336 337 -0.01297083521
FABP6 633 634 0.00000000000
STARD10 337 338 -0.01297083521
TTPAL 564 565 -0.00679959085
TTPAL 565 566 -0.00679959085
STARD10 338 339 -0.01297083521
STARD10 339 340 -0.01297083521
PITPNA 432 433 -0.01329922668
OSBPL9 64 65 0.00000000000
TTPAL 566 567 -0.00679959085
TTPAL 567 568 -0.00679959085
TTPA 512 513 -0.03638934504
STARD10 340 341 -0.01297083521
STARD10 341 342 -0.01297083521
PITPNA 433 434 -0.01329922668
FABP6 634 635 0.00000000000
TTPAL 568 569 -0.00679959085
TTPAL 569 570 -0.00679959085
STARD10 342 343 -0.01297083521
BPI 233 234 0.00000000000
OSBPL9 65 66 0.00000000000
TTPAL 570 571 0.00000000000
STARD10 343 344 -0.01297083521
STARD10 344 345 -0.01297083521
PITPNA 434 435 -0.01329922668
TTPAL 571 572 -0.00679959085
STARD10 345 346 -0.01297083521
STARD10 346 347 -0.01297083521
STARD10 347 348 -0.01297083521
STARD10 348 349 -0.01297083521
FABP6 635 636 0.00000000000
TTPAL 572 573 -0.00679959085
TTPAL 573 574 -0.00679959085
STARD10 349 350 -0.01297083521
STARD10 350 351 -0.01297083521
TTPAL 574 575 0.00000000000
STARD10 351 352 -0.01297083521
STARD10 352 353 -0.01297083521
BPI 234 235 0.00000000000
STARD10 353 354 -0.01297083521
SCP2D1 981 982 -0.02601815632
GLTP 846 847 -0.02540957738
FABP1 951 952 -0.00004467380
SCP2D1 982 983 0.00000000000
SCP2D1 983 984 -0.00964245674
SCP2D1 984 985 -0.00964245674
SCP2D1 985 986 -0.00964245674
GLTP 847 848 -0.02540957738
SCP2D1 986 987 0.00000000000
STARD10 354 355 -0.00010219280
TTPAL 575 576 0.00000000000
TTPAL 576 577 0.00000000000
TTPAL 577 578 0.00000000000
PITPNB 148 149 -0.05562063817
PITPNB 149 150 -0.05562063817
SCP2 93 94 -0.17609125906
TTPAL 578 579 0.00000000000
STARD10 355 356 0.00000000000
STARD10 356 357 0.00000000000
TTPAL 579 580 0.00000000000
TTPAL 580 581 0.00000000000
SCP2 94 95 -0.17609125906
OSBPL9 66 67 0.00000000000
TTPAL 581 582 0.00000000000
TTPA 513 514 0.00000000000
TTPA 514 515 0.00000000000
TTPA 515 516 0.00000000000
STARD10 357 358 0.00000000000
PITPNA 435 436 0.00000000000
TTPAL 582 583 0.00000000000
STARD10 358 359 0.00000000000
PITPNA 436 437 0.00000000000
PITPNA 437 438 0.00000000000
OSBPL9 67 68 0.00000000000
TTPAL 583 584 0.00000000000
TTPAL 584 585 0.00000000000
TTPAL 585 586 0.00000000000
TTPA 516 517 -0.02540078503
TTPA 517 518 -0.02540078503
STARD10 359 360 0.00000000000
FABP1 952 953 0.00000000000
PITPNA 438 439 0.00000000000
PITPNB 150 151 -0.05562063817
PITPNB 151 152 -0.05562063817
TTPAL 586 587 0.00000000000
TTPA 518 519 0.00000000000
STARD10 360 361 0.00000000000
OSBPL9 68 69 0.00000000000
TTPAL 587 588 0.00000000000
TTPA 519 520 -0.02540078503
TTPA 520 521 -0.02540078503
STARD10 361 362 0.00000000000
STARD10 362 363 0.00000000000
FABP6 636 637 0.00000000000
FABP1 953 954 0.00000000000
OSBPL9 69 70 0.00000000000
TTPA 521 522 0.00000000000
STARD10 363 364 0.00000000000
STARD10 364 365 0.00000000000
FABP1 954 955 0.00000000000
PITPNB 152 153 -0.05562063817
PITPNB 153 154 -0.05562063817
STARD10 365 366 0.00000000000
TTPAL 588 589 0.00000000000
TTPAL 589 590 0.00000000000
STARD10 366 367 0.00000000000
OSBPL9 70 71 0.00000000000
TTPAL 590 591 0.00000000000
TTPAL 591 592 0.00000000000
TTPA 522 523 -0.02540078503
TTPA 523 524 -0.02540078503
STARD10 367 368 0.00000000000
FABP1 955 956 0.00000000000
PITPNB 154 155 -0.05562063817
PITPNB 155 156 -0.05562063817
TTPAL 592 593 0.00000000000
STARD10 368 369 0.00000000000
PITPNB 156 157 -0.05562063817
PITPNB 157 158 -0.05562063817
OSBPL9 71 72 0.00000000000
TTPAL 593 594 0.00000000000
TTPA 524 525 0.00000000000
STARD10 369 370 0.00000000000
FABP1 956 957 0.00000000000
PITPNB 158 159 -0.05562063817
PITPNB 159 160 -0.05562063817
TTPAL 594 595 0.00000000000
STARD10 370 371 0.00000000000
PITPNB 160 161 -0.05562063817
PITPNB 161 162 -0.05562063817
TTPAL 595 596 0.00000000000
OSBPL9 72 73 0.00000000000
TTPAL 596 597 0.00000000000
STARD10 371 372 0.00000000000
RLBP1 87 88 0.00000000000
PITPNB 162 163 0.00000000000
TTPAL 597 598 0.00000000000
STARD10 372 373 0.00000000000
TTPAL 598 599 -0.01732360400
TTPAL 599 600 -0.01732360400
TTPAL 600 601 -0.01732360400
STARD10 373 374 -0.00618992287
TTPAL 601 602 -0.01732360400
PITPNA 439 440 -0.01626181017
SCP2 95 96 0.00000000000
TTPAL 602 603 -0.01732360400
STARD10 374 375 -0.00618992287
STARD10 375 376 -0.00618992287
TTPAL 603 604 -0.01732360400
TTPAL 604 605 -0.01732360400
SCP2 96 97 0.00000000000
STARD10 376 377 -0.00618992287
FABP6 637 638 0.00000000000
SCP2D1 987 988 -0.01344028293
FABP1 957 958 -0.00046884586
FABP1 958 959 -0.00046884586
PITPNA 440 441 0.00000000000
PITPNA 441 442 0.00000000000
SCP2 97 98 0.00000000000
TTPAL 605 606 -0.01732360400
STARD10 377 378 -0.00618992287
STARD10 378 379 -0.00618992287
PITPNA 442 443 0.00000000000
PITPNA 443 444 0.00000000000
STARD10 379 380 -0.00618992287
SCP2 98 99 0.00000000000
TTPAL 606 607 -0.01732360400
TTPAL 607 608 -0.01732360400
STARD10 380 381 -0.00618992287
FABP1 959 960 -0.00046884586
PITPNA 444 445 -0.01626181017
PITPNA 445 446 -0.01626181017
PITPNA 446 447 -0.01626181017
PITPNA 447 448 -0.01626181017
HSDL2 57 58 0.00000000000
PLEKHA8P1 84 85 -0.30102999566
TTPAL 608 609 -0.01732360400
STARD10 381 382 -0.00618992287
PITPNA 448 449 -0.01626181017
PITPNB 163 164 -0.00214647656
SCP2 99 100 0.00000000000
TTPAL 609 610 -0.01732360400
TTPAL 610 611 -0.01732360400
STARD10 382 383 -0.00618992287
PITPNA 449 450 -0.01626181017
PITPNA 450 451 -0.01626181017
SCP2 100 101 0.00000000000
TTPAL 611 612 0.00000000000
TTPAL 612 613 0.00000000000
STARD10 383 384 -0.00618992287
STARD10 384 385 -0.00618992287
FABP6 638 639 0.00000000000
SCP2D1 988 989 -0.01344028293
FABP1 960 961 -0.00046884586
PITPNA 451 452 -0.01626181017
TTPAL 613 614 -0.01732360400
STARD10 385 386 -0.00618992287
PITPNB 164 165 -0.00214647656
PITPNB 165 166 -0.00214647656
TTPAL 614 615 -0.01732360400
TTPA 525 526 -0.03191347474
STARD10 386 387 -0.00618992287
SCP2D1 989 990 -0.01344028293
PITPNA 452 453 -0.01626181017
SCP2 101 102 0.00000000000
TTPAL 615 616 -0.01732360400
STARD10 387 388 -0.00618992287
PITPNC1 670 671 -0.00007352713
FABP1 961 962 -0.00046884586
PITPNA 453 454 -0.01626181017
TTPA 526 527 -0.03191347474
STARD10 388 389 -0.00618992287
PITPNA 454 455 -0.01626181017
BPIFB2 204 205 -0.04071948068
SCP2 102 103 0.00000000000
TTPAL 616 617 -0.01732360400
TTPA 527 528 -0.03191347474
STARD10 389 390 -0.00618992287
PITPNA 455 456 -0.01626181017
TTPAL 617 618 -0.01732360400
STARD10 390 391 -0.00618992287
TTPAL 618 619 -0.01732360400
TTPAL 619 620 -0.01732360400
TTPA 528 529 -0.03191347474
STARD10 391 392 -0.00618992287
PITPNA 456 457 -0.01626181017
PITPNB 166 167 -0.00214647656
PITPNB 167 168 -0.00214647656
TTPAL 620 621 -0.01732360400
STARD10 392 393 -0.00618992287
GM2A 113 114 -0.02229164355
TTPA 529 530 -0.03191347474
STARD10 393 394 -0.00618992287
PITPNB 168 169 -0.00214647656
TTPAL 621 622 -0.00029262297
TTPAL 622 623 -0.00029262297
STARD10 394 395 -0.00004112926
STARD10 395 396 -0.00004112926
TTPAL 623 624 -0.00029262297
TTPAL 624 625 -0.00029262297
STARD10 396 397 -0.00004112926
TTPAL 625 626 -0.00029262297
BPI 235 236 -0.01459366767
BPI 236 237 -0.01459366767
GM2A 114 115 -0.07283209786
GM2A 115 116 -0.07283209786
SEC14L2 464 465 -0.07918124605
BPI 237 238 -0.01459366767
SEC14L2 465 466 -0.07918124605
SEC14L2 466 467 -0.07918124605
BPI 238 239 -0.01459366767
SEC14L2 467 468 0.00000000000
PITPNB 169 170 -0.00126216855
SEC14L2 468 469 -0.07918124605
SEC14L2 469 470 -0.07918124605
SEC14L2 470 471 -0.07918124605
SEC14L2 471 472 -0.07918124605
PITPNB 170 171 0.00000000000
BPI 239 240 -0.01459366767
SEC14L2 472 473 0.00000000000
PITPNC1 671 672 -0.00007352713
PITPNA 457 458 -0.00012870610
PITPNB 171 172 -0.00126216855
PITPNB 172 173 -0.00126216855
SEC14L2 473 474 -0.07918124605
SEC14L2 474 475 -0.07918124605
PITPNB 173 174 -0.00126216855
BPI 240 241 -0.00631457059
BPI 241 242 -0.00631457059
BPI 242 243 -0.00631457059
OSBPL9 73 74 -0.09691001301
OSBPL9 74 75 -0.09691001301
OSBPL9 75 76 -0.09691001301
OSBPL9 76 77 -0.09691001301
BPI 243 244 0.00000000000
OSBPL9 77 78 -0.09691001301
OSBPL9 78 79 -0.09691001301
OSBPL9 79 80 -0.30102999566
OSBPL9 80 81 -0.09691001301
OSBPL9 81 82 -0.09691001301
CRABP2 13 14 0.00000000000
SEC14L1 40 41 -0.12493873661
SEC14L1 41 42 -0.12493873661
SEC14L1 42 43 -0.12493873661
CERT 24 25 -0.17609125906
CERT 25 26 -0.17609125906
CERT 26 27 -0.17609125906
SEC14L1 43 44 0.00000000000
SEC14L1 44 45 0.00000000000
CERT 27 28 0.00000000000
CERT 28 29 0.00000000000
SEC14L1 45 46 -0.12493873661
SEC14L1 46 47 -0.12493873661
SEC14L1 47 48 -0.12493873661
CERT 29 30 -0.17609125906
CERT 30 31 -0.17609125906
CERT 31 32 -0.17609125906
SEC14L1 48 49 -0.12493873661
SEC14L1 49 50 -0.12493873661
SEC14L1 50 51 -0.12493873661
CERT 32 33 0.00000000000
CERT 33 34 0.00000000000
SEC14L1 51 52 0.00000000000
SEC14L1 52 53 0.00000000000
CERT 34 35 0.00000000000
CERT 35 36 0.00000000000
CLVS2 2 3 0.00000000000
CRABP2 14 15 0.00000000000
CERT 36 37 0.00000000000
CERT 37 38 0.00000000000
CERT 38 39 0.00000000000
GLTPD1 672 673 -0.01942014562
GLTPD1 673 674 -0.01942014562
GLTPD1 674 675 -0.01942014562
GLTPD1 675 676 -0.01942014562
GLTPD1 676 677 -0.01942014562
GLTPD1 677 678 -0.01942014562
GLTPD1 678 679 -0.01942014562
GLTPD1 679 680 -0.01942014562
GLTPD1 680 681 -0.01942014562
GLTPD1 681 682 -0.01942014562
GLTPD1 682 683 -0.01942014562
GLTPD1 683 684 -0.01942014562
GLTPD1 684 685 -0.01942014562
GLTPD1 685 686 -0.01942014562
GLTPD1 686 687 -0.01942014562
GLTPD1 687 688 -0.01942014562
GLTPD1 688 689 -0.01942014562
GLTPD1 689 690 -0.01942014562
GLTPD1 690 691 -0.01942014562
GLTPD1 691 692 0.00000000000
GLTPD1 692 693 -0.01942014562
GLTPD1 693 694 -0.01942014562
GLTPD1 694 695 -0.01942014562
GLTPD1 695 696 -0.01942014562
GLTPD1 696 697 -0.01942014562
GLTP 848 849 -0.00011841283
GLTP 849 850 0.00000000000
GLTP 850 851 -0.00763045607
GLTP 851 852 -0.00763045607
GLTP 852 853 -0.00763045607
GLTP 853 854 -0.00763045607
GLTP 854 855 -0.00763045607
GLTP 855 856 -0.00763045607
GLTP 856 857 -0.00763045607
GLTP 857 858 -0.00763045607
GLTP 858 859 -0.00763045607
GLTP 859 860 -0.00763045607
GLTP 860 861 -0.00763045607
GLTP 861 862 -0.00763045607
GLTP 862 863 0.00000000000
GLTP 863 864 -0.00763045607
GLTP 864 865 -0.00763045607
GLTP 865 866 0.00000000000
GLTP 866 867 -0.00763045607
GLTP 867 868 -0.00763045607
GLTP 868 869 -0.00763045607
GLTP 869 870 -0.00763045607
GLTP 870 871 0.00000000000
GLTP 871 872 0.00000000000
GLTP 872 873 -0.00763045607
GLTP 873 874 -0.00763045607
GLTP 874 875 -0.00763045607
GLTP 875 876 -0.00763045607
GLTP 876 877 -0.10324063024
GLTP 877 878 -0.10324063024
GLTP 878 879 -0.10324063024
GLTP 879 880 -0.10324063024
GLTP 880 881 -0.10324063024
GLTP 881 882 -0.10324063024
GLTP 882 883 -0.00763045607
GLTP 883 884 -0.00763045607
GLTP 884 885 -0.00763045607
GLTP 885 886 -0.01597867563
GLTP 886 887 -0.01597867563
GLTP 887 888 -0.01597867563
GLTP 888 889 -0.01597867563
GLTP 889 890 -0.01597867563
GLTP 890 891 -0.01597867563
GLTP 891 892 -0.01597867563
GLTP 892 893 -0.01597867563
GLTP 893 894 -0.01597867563
GLTP 894 895 -0.01597867563
GLTP 895 896 -0.01597867563
GLTP 896 897 -0.01597867563
GLTP 897 898 -0.01597867563
GLTP 898 899 -0.01597867563
GLTP 899 900 -0.01427590475
GLTP 900 901 -0.01427590475
GLTP 901 902 -0.01597867563
GLTP 902 903 -0.01597867563
GLTP 903 904 -0.01597867563
GLTP 904 905 -0.01597867563
GLTP 905 906 -0.01597867563
GLTP 906 907 -0.01427590475
GLTP 907 908 -0.01427590475
GLTP 908 909 -0.01597867563
GLTP 909 910 -0.01597867563
GLTP 910 911 0.00000000000
GLTP 911 912 -0.01597867563
GLTP 912 913 -0.01597867563
GLTP 913 914 -0.01597867563
GLTP 914 915 -0.01597867563
GLTP 915 916 -0.01597867563
GLTP 916 917 -0.01597867563
GLTP 917 918 0.00000000000
GLTP 918 919 -0.01597867563
GLTP 919 920 -0.01597867563
GLTP 920 921 -0.01597867563
GLTP 921 922 -0.01597867563
GLTP 922 923 -0.01597867563
GLTP 923 924 -0.01597867563
GLTP 924 925 -0.01597867563
GLTP 925 926 -0.01597867563
GLTP 926 927 0.00000000000
GLTPD1 697 698 -0.00869949563
GLTPD1 698 699 -0.00869949563
GLTPD1 699 700 0.00000000000
GLTPD1 700 701 0.00000000000
GLTPD1 701 702 0.00000000000
GLTPD1 702 703 -0.00869949563
GLTPD1 703 704 -0.00869949563
GLTPD1 704 705 -0.00869949563
GLTPD1 705 706 -0.00869949563
GLTPD1 706 707 -0.00869949563
GLTPD1 707 708 -0.00869949563
GLTPD1 708 709 -0.00869949563
GLTPD1 709 710 -0.00869949563
LCN1 280 281 0.00000000000
GLTPD1 710 711 -0.00869949563
GLTPD1 711 712 -0.00869949563
GLTPD1 712 713 -0.00869949563
GLTPD1 713 714 0.00000000000
GLTPD1 714 715 -0.00869949563
GLTPD1 715 716 -0.00869949563
GLTPD1 716 717 0.00000000000
GLTPD1 717 718 0.00000000000
GLTPD1 718 719 0.00000000000
GLTPD1 719 720 0.00000000000
GLTPD1 720 721 -0.00869949563
GLTPD1 721 722 -0.00869949563
GLTPD1 722 723 0.00000000000
GLTPD1 723 724 0.00000000000
GLTPD1 724 725 0.00000000000
GLTPD1 725 726 0.00000000000
GLTPD1 726 727 0.00000000000
GLTPD1 727 728 0.00000000000
GLTPD1 728 729 0.00000000000
GLTPD1 729 730 -0.00869949563
GLTPD1 730 731 -0.00869949563
GLTPD1 731 732 0.00000000000
GLTPD1 732 733 0.00000000000
RBP1 7 8 0.00000000000
RBP4 8 9 0.00000000000
CRABP1 458 459 0.00000000000
CRABP1 459 460 0.00000000000
SEC14L2 475 476 0.00000000000
SEC14L2 476 477 0.00000000000
CRABP1 460 461 0.00000000000
SEC14L2 477 478 0.00000000000
