CH_osbp	2901	2903	"NA"
CH_osbp	2903	2905	"NA"
CH_osbp	2905	2907	"NA"
CH_osbp	2907	2909	"NA"
CH_osbp	2909	2911	"NA"
CH_osbp	2911	2913	"NA"
CH_osbp	2913	2915	"NA"
CH_osbp	2915	2917	"NA"
CH_osbp	2917	2919	"NA"
FA_craltrio	2457	2459	0.00000000000
FA_craltrio	2459	2461	0.00000000000
FA_craltrio	2461	2463	0.29560608685
FA_craltrio	2463	2465	0.00000000000
FA_craltrio	2465	2467	0.00000000000
FA_craltrio	2467	2469	0.00000000000
FA_craltrio	2469	2471	0.00000000000
FA_lipocalin	2471	2473	0.17609125906
FA_lipocalin	2473	2475	0.30102999566
FA_lipocalin	2475	2477	0.00000000000
FA_lipocalin	2477	2479	0.00000000000
FA_lipocalin	2479	2481	0.00000000000
FA_lipocalin	2481	2483	0.00000000000
FA_lipocalin	2483	2485	0.00000000000
FA_lipocalin	2485	2487	0.00000000000
FA_lipocalin	2487	2489	0.00000000000
FA_lipocalin	2489	2491	0.00000000000
FA_lipocalin	2491	2493	0.00000000000
FA_lipocalin	2493	2495	0.00000000000
FA_lipocalin	2495	2497	0.00000000000
FA_lipocalin	2497	2499	0.00000000000
FA_lipocalin	2499	2501	0.00000000000
FA_lipocalin	2501	2503	0.00000000000
FA_lipocalin	2503	2505	0.00000000000
FA_lipocalin	2505	2507	0.00000000000
FA_lipocalin	2507	2509	0.00000000000
FA_lipocalin	2509	2511	0.00000000000
FA_lipocalin	2511	2513	0.00000000000
FA_lipocalin	2513	2515	0.00000000000
FA_lipocalin	2515	2517	0.00000000000
FA_lipocalin	2517	2519	0.00000000000
FA_lipocalin	2519	2521	0.00000000000
FA_lipocalin	2521	2523	0.00000000000
FA_lipocalin	2523	2525	0.00000000000
FA_lipocalin	2525	2527	0.00000000000
FA_lipocalin	2527	2529	0.00000000000
FA_lipocalin	2529	2531	0.00000000000
FA_lipocalin	2531	2533	0.00000000000
FA_lipocalin	2533	2535	0.00000000000
FA_lipocalin	2535	2537	0.00000000000
FA_lipocalin	2537	2539	0.00000000000
FA_lipocalin	2539	2541	0.00000000000
FA_lipocalin	2541	2543	0.00000000000
FA_lipocalin	2543	2545	0.00000000000
FA_scp2	2545	2547	0.00000000000
FA_scp2	2547	2549	0.00000000000
FA_scp2	2549	2551	0.00000000000
FA_scp2	2551	2553	0.05746796403
FA_start	2553	2555	0.30102999566
DAG_craltrio	2413	2415	0.00524064517
DAG_craltrio	2415	2417	0.00524064517
DAG_craltrio	2417	2419	0.00524064517
DAG_craltrio	2419	2421	"NA"
DAG_lipocalin	2421	2423	0.30102999566
DAG-O_lipocalin	2423	2425	0.00000000000
DAG-O_lipocalin	2425	2427	0.00000000000
DAG-O_lipocalin	2427	2429	0.00000000000
TAG_craltrio	2429	2431	0.00157857600
TAG_craltrio	2431	2433	0.00157857600
TAG_iptrans	2433	2435	0.00004371436
TAG_osbp	2435	2437	0.30102999566
TAG_osbp	2437	2439	0.27772891826
TAG_osbp	2439	2441	0.04315691703
TAG_scp2	2441	2443	0.14171688113
TAG_start	2443	2445	0.00906782559
TAG_start	2445	2447	0.00906782559
TAG_start	2447	2449	0.00906782559
TAG_start	2449	2451	0.00906782559
TAG_start	2451	2453	0.00906782559
TAG_start	2453	2455	0.00906782559
TAG_start	2455	2457	0.00906782559
BMP_lbpbpicetp	1011	1013	0.00046288870
PA_craltrio	1013	1015	0.00000000000
PA_craltrio	1015	1017	0.00000000000
PA_craltrio	1017	1019	0.00000000000
PA_craltrio	1019	1021	0.00000000000
PA_craltrio	1021	1023	0.00000000000
PA_craltrio	1023	1025	0.00000000000
PA_craltrio	1025	1027	0.00000000000
PA_craltrio	1027	1029	0.00000000000
PA_iptrans	1029	1031	0.02623922322
PA_iptrans	1031	1033	0.02623922322
PA_iptrans	1033	1035	0.02623922322
PA_iptrans	1035	1037	0.02623922322
PA_iptrans	1037	1039	0.02623922322
PA_iptrans	1039	1041	0.02623922322
PA_iptrans	1041	1043	0.02623922322
PA_iptrans	1043	1045	0.02623922322
PA_iptrans	1045	1047	0.02623922322
PA_iptrans	1047	1049	0.02623922322
PA_iptrans	1049	1051	0.02623922322
PA_iptrans	1051	1053	0.02623922322
PA_iptrans	1053	1055	0.02623922322
PA_iptrans	1055	1057	0.02623922322
PA_iptrans	1057	1059	0.02623922322
PA_iptrans	1059	1061	0.02623922322
PA_iptrans	1061	1063	0.02623922322
PA_iptrans	1063	1065	0.02623922322
PA_iptrans	1065	1067	0.02623922322
PA_iptrans	1067	1069	0.02623922322
PA_iptrans	1069	1071	0.02623922322
PA_iptrans	1071	1073	0.02623922322
PA_iptrans	1073	1075	0.02623922322
PA_iptrans	1075	1077	0.02623922322
PA_iptrans	1077	1079	0.02623922322
PA_iptrans	1079	1081	0.02623922322
PA_iptrans	1081	1083	0.02623922322
PA_iptrans	1083	1085	0.02623922322
PA_iptrans	1085	1087	0.02623922322
PA_iptrans	1087	1089	0.02623922322
LysoPC_lipocalin	"NA"	"NA"	0.00540473006
LysoPC_scp2	1089	1091	0.01826209786
LysoPC_scp2	1091	1093	0.01826209786
LysoPC_scp2	1093	1095	0.01826209786
LysoPC_scp2	1095	1097	0.01826209786
LysoPC_scp2	1097	1099	0.01826209786
PC_craltrio	1099	1101	0.17609125906
PC_craltrio	1101	1103	0.17609125906
PC_craltrio	1103	1105	0.00136099918
PC_craltrio	1105	1107	0.03734283795
PC_craltrio	1107	1109	0.03734283795
PC_craltrio	1109	1111	0.03734283795
PC_craltrio	1111	1113	0.03734283795
PC_craltrio	1113	1115	0.03734283795
PC_craltrio	1115	1117	0.03734283795
PC_craltrio	1117	1119	0.03734283795
PC_craltrio	1119	1121	0.03734283795
PC_craltrio	1121	1123	0.03734283795
PC_craltrio	1123	1125	0.03734283795
PC_craltrio	1125	1127	0.00007640410
PC_craltrio	1127	1129	0.03535193995
PC_iptrans	1129	1131	0.17609125906
PC_iptrans	1131	1133	0.17609125906
PC_iptrans	1133	1135	0.09691001301
PC_iptrans	1135	1137	0.09691001301
PC_iptrans	1137	1139	0.09691001301
PC_iptrans	1139	1141	0.09691001301
PC_iptrans	1141	1143	0.02949806241
PC_iptrans	1143	1145	0.02949806241
PC_iptrans	1145	1147	0.02949806241
PC_iptrans	1147	1149	0.00000000000
PC_iptrans	1149	1151	0.02949806241
PC_iptrans	1151	1153	0.02949806241
PC_iptrans	1153	1155	0.00000000000
PC_iptrans	1155	1157	0.02949806241
PC_iptrans	1157	1159	0.02949806241
PC_iptrans	1159	1161	0.02949806241
PC_iptrans	1161	1163	0.02949806241
PC_iptrans	1163	1165	0.02949806241
PC_iptrans	1165	1167	0.02949806241
PC_iptrans	1167	1169	0.02949806241
PC_iptrans	1169	1171	0.02949806241
PC_iptrans	1171	1173	0.02949806241
PC_iptrans	1173	1175	0.02949806241
PC_iptrans	1175	1177	0.02949806241
PC_iptrans	1177	1179	0.02949806241
PC_iptrans	1179	1181	0.02949806241
PC_iptrans	1181	1183	0.02949806241
PC_iptrans	1183	1185	0.01557059160
PC_iptrans	1185	1187	0.01557059160
PC_iptrans	1187	1189	0.01557059160
PC_iptrans	1189	1191	0.01557059160
PC_iptrans	1191	1193	0.01557059160
PC_iptrans	1193	1195	0.01557059160
PC_iptrans	1195	1197	0.01557059160
PC_iptrans	1197	1199	0.01557059160
PC_iptrans	1199	1201	0.01557059160
PC_iptrans	1201	1203	0.01557059160
PC_iptrans	1203	1205	0.01557059160
PC_iptrans	1205	1207	0.01557059160
PC_iptrans	1207	1209	0.01557059160
PC_iptrans	1209	1211	0.01557059160
PC_iptrans	1211	1213	0.01557059160
PC_iptrans	1213	1215	0.01557059160
PC_iptrans	1215	1217	0.01557059160
PC_iptrans	1217	1219	0.01557059160
PC_iptrans	1219	1221	0.01557059160
PC_iptrans	1221	1223	0.01557059160
PC_iptrans	1223	1225	0.01557059160
PC_iptrans	1225	1227	0.01557059160
PC_iptrans	1227	1229	0.01557059160
PC_iptrans	1229	1231	0.01557059160
PC_iptrans	1231	1233	0.01557059160
PC_iptrans	1233	1235	0.01557059160
PC_iptrans	1235	1237	0.01557059160
PC_iptrans	1237	1239	"NA"
PC_iptrans	1239	1241	"NA"
PC_lbpbpicetp	1241	1243	0.02532971480
PC_lbpbpicetp	1243	1245	0.02532971480
PC_lbpbpicetp	1245	1247	0.02532971480
PC_lbpbpicetp	1247	1249	0.02532971480
PC_lbpbpicetp	1249	1251	0.02532971480
PC_lbpbpicetp	1251	1253	0.02532971480
PC_lbpbpicetp	1253	1255	0.02532971480
PC_lbpbpicetp	1255	1257	0.02532971480
PC_lbpbpicetp	1257	1259	0.02532971480
PC_lbpbpicetp	1259	1261	0.02532971480
PC_lbpbpicetp	1261	1263	0.02532971480
PC_lbpbpicetp	1263	1265	0.02532971480
PC_lbpbpicetp	1265	1267	0.02532971480
PC_lbpbpicetp	1267	1269	0.02532971480
PC_lbpbpicetp	1269	1271	0.02532971480
PC_lbpbpicetp	1271	1273	0.02532971480
PC_lbpbpicetp	1273	1275	0.02532971480
PC_lbpbpicetp	1275	1277	0.02532971480
PC_lbpbpicetp	1277	1279	0.02532971480
PC_lbpbpicetp	1279	1281	0.02532971480
PC_lbpbpicetp	1281	1283	0.02532971480
PC_lbpbpicetp	1283	1285	0.02205750805
PC_lbpbpicetp	1285	1287	0.02205750805
PC_lbpbpicetp	1287	1289	0.02205750805
PC_lbpbpicetp	1289	1291	0.02205750805
PC_lbpbpicetp	1291	1293	0.02205750805
PC_lbpbpicetp	1293	1295	0.02205750805
PC_lbpbpicetp	1295	1297	0.02205750805
PC_lbpbpicetp	1297	1299	0.02205750805
PC_lbpbpicetp	1299	1301	0.02205750805
PC_lbpbpicetp	1301	1303	0.02205750805
PC_lbpbpicetp	1303	1305	0.02205750805
PC_lbpbpicetp	1305	1307	0.02205750805
PC_lbpbpicetp	1307	1309	0.02205750805
PC_lbpbpicetp	1309	1311	0.02205750805
PC_lbpbpicetp	1311	1313	0.02205750805
PC_lbpbpicetp	1313	1315	0.02205750805
PC_lbpbpicetp	1315	1317	0.02205750805
PC_lbpbpicetp	1317	1319	0.02205750805
PC_lbpbpicetp	1319	1321	0.02205750805
PC_lbpbpicetp	1321	1323	0.02205750805
PC_lbpbpicetp	1323	1325	0.02205750805
PC_lbpbpicetp	1325	1327	0.02205750805
PC_lipocalin	1327	1329	0.01689609411
PC_lipocalin	1329	1331	0.01689609411
PC_lipocalin	1331	1333	0.01689609411
PC_lipocalin	1333	1335	0.01689609411
PC_lipocalin	1335	1337	0.01689609411
PC_lipocalin	1337	1339	0.01689609411
PC_lipocalin	1339	1341	0.01689609411
PC_lipocalin	1341	1343	0.01689609411
PC_lipocalin	1343	1345	0.01689609411
PC_lipocalin	1345	1347	0.01689609411
PC_lipocalin	1347	1349	0.01689609411
PC_lipocalin	1349	1351	0.01689609411
PC_lipocalin	1351	1353	0.01689609411
PC_lipocalin	1353	1355	0.01689609411
PC_lipocalin	1355	1357	0.01689609411
PC_lipocalin	1357	1359	0.01689609411
PC_lipocalin	1359	1361	0.01689609411
PC_lipocalin	1361	1363	0.01689609411
PC_lipocalin	1363	1365	0.01689609411
PC_lipocalin	1365	1367	0.01689609411
PC_lipocalin	1367	1369	0.01689609411
PC_lipocalin	1369	1371	0.01689609411
PC_lipocalin	1371	1373	0.01689609411
PC_lipocalin	1373	1375	0.01689609411
PC_lipocalin	1375	1377	0.01689609411
PC_lipocalin	1377	1379	0.01689609411
PC_lipocalin	1379	1381	0.01689609411
PC_lipocalin	1381	1383	0.01689609411
PC_ml	1383	1385	0.09031761217
PC_ml	1385	1387	0.09031761217
PC_ml	1387	1389	0.00000000000
PC_ml	1389	1391	0.00000000000
PC_scp2	"NA"	"NA"	0.01872401206
PC_scp2	"NA"	"NA"	0.03486951184
PC_start	1391	1393	0.01407785425
PC_start	1393	1395	0.01407785425
PC_start	1395	1397	0.01407785425
PC_start	1397	1399	0.01407785425
PC_start	1399	1401	0.01407785425
PC_start	1401	1403	0.01407785425
PC_start	1403	1405	0.01407785425
PC_start	1405	1407	0.01407785425
PC_start	1407	1409	0.01407785425
PC_start	1409	1411	0.01407785425
PC_start	1411	1413	0.01407785425
PC_start	1413	1415	0.01407785425
PC_start	1415	1417	0.01407785425
PC_start	1417	1419	0.01407785425
PC_start	1419	1421	0.01407785425
PC_start	1421	1423	0.01407785425
PC_start	1423	1425	0.01407785425
PC_start	1425	1427	0.01407785425
PC_start	1427	1429	0.01407785425
PC_start	1429	1431	0.01407785425
PC_start	1431	1433	0.01407785425
PC_start	1433	1435	0.01407785425
PC_start	1435	1437	0.01407785425
PC_start	1437	1439	0.01407785425
PC_start	1439	1441	0.01407785425
PC_start	1441	1443	0.01407785425
PC_start	1443	1445	0.01407785425
PC_start	1445	1447	0.01407785425
PC_start	1447	1449	0.01407785425
PC_start	1449	1451	0.01407785425
PC_start	1451	1453	0.01407785425
PC_start	1453	1455	0.01407785425
PC_start	1455	1457	0.01407785425
PC_start	1457	1459	0.01407785425
PC_start	1459	1461	0.01407785425
PC_start	1461	1463	0.01407785425
PC_start	1463	1465	0.01407785425
PC_start	1465	1467	0.01407785425
PC_start	1467	1469	0.01407785425
PC_start	1469	1471	0.01407785425
PC_start	1471	1473	0.01407785425
PC_start	1473	1475	0.01407785425
PC_start	1475	1477	0.01407785425
PC_start	1477	1479	0.01407785425
PC_start	1479	1481	0.01407785425
PC_start	1481	1483	0.01407785425
PC_start	1483	1485	0.01407785425
PC_start	1485	1487	0.01407785425
PC_start	1487	1489	0.01407785425
PC_start	1489	1491	0.01407785425
PC_start	1491	1493	0.01407785425
PC_start	1493	1495	0.02168315645
PC_start	1495	1497	0.02168315645
PC_start	1497	1499	0.02168315645
PC_start	1499	1501	0.02168315645
PC_start	1501	1503	0.02168315645
PC_start	1503	1505	0.02168315645
PC_start	1505	1507	0.02168315645
PC_start	1507	1509	0.02168315645
PC_start	1509	1511	0.02168315645
PC_start	1511	1513	0.02168315645
PC_start	1513	1515	0.02168315645
PC_start	1515	1517	0.02168315645
PC_start	1517	1519	0.02168315645
PC_start	1519	1521	0.02168315645
PC_start	1521	1523	0.02168315645
PC_start	1523	1525	0.02168315645
PC_start	1525	1527	0.02168315645
PC_start	1527	1529	0.02168315645
PC_start	1529	1531	0.02168315645
PC_start	1531	1533	0.02168315645
PC_start	1533	1535	0.02168315645
PC_start	1535	1537	0.00334044447
PC_start	1537	1539	0.00334044447
PC_start	1539	1541	"NA"
PC_start	1541	1543	"NA"
PC_start	1543	1545	0.00194250504
PC_start	1545	1547	0.00194250504
PC_start	1547	1549	0.00194250504
PC_start	1549	1551	0.00194250504
PC_start	1551	1553	0.00000000000
PC_start	1553	1555	0.00000000000
PC_start	1555	1557	0.00000000000
PC_start	1557	1559	0.00000000000
PC_start	1559	1561	0.00000000000
PC_start	1561	1563	0.00000000000
PC_start	1563	1565	0.00000000000
PC_start	1565	1567	0.00000000000
PC_start	1567	1569	0.00000000000
PC_start	1569	1571	0.00000000000
PC_start	1571	1573	0.00000000000
PC_start	1573	1575	0.00000000000
PC_start	1575	1577	0.00000000000
PC_start	1577	1579	0.00000000000
PC_start	1579	1581	0.00000000000
PC_start	1581	1583	0.00000000000
PC_start	1583	1585	0.00000000000
PC_start	1585	1587	0.00000000000
PC_start	1587	1589	0.00000000000
PC_start	1589	1591	0.00000000000
PC_start	1591	1593	0.00000000000
PC_start	1593	1595	0.00000000000
PC_start	1595	1597	0.00000000000
PC_start	1597	1599	0.00000000000
PC_start	1599	1601	0.00000000000
PC_start	1601	1603	0.00000000000
PC_start	1603	1605	0.00000000000
PC_start	1605	1607	0.00000000000
PC_start	1607	1609	0.00000000000
PC-O_craltrio	1609	1611	0.30102999566
PC-O_craltrio	1611	1613	0.01067207245
PC-O_craltrio	1613	1615	0.01067207245
PC-O_craltrio	1615	1617	0.01067207245
PC-O_craltrio	1617	1619	0.01067207245
PC-O_lbpbpicetp	1619	1621	0.00240472053
PC-O_lbpbpicetp	1621	1623	0.00240472053
PC-O_lbpbpicetp	1623	1625	0.00240472053
PC-O_lbpbpicetp	1625	1627	0.00240472053
PC-O_lbpbpicetp	1627	1629	0.00377508074
PC-O_lbpbpicetp	1629	1631	0.00377508074
PC-O_lbpbpicetp	1631	1633	0.00377508074
PC-O_lbpbpicetp	1633	1635	0.00377508074
PC-O_lbpbpicetp	1635	1637	0.00377508074
PC-O_lbpbpicetp	1637	1639	0.00377508074
PC-O_lbpbpicetp	1639	1641	0.00377508074
PC-O_lipocalin	1641	1643	0.00258474475
PC-O_lipocalin	1643	1645	0.00258474475
PC-O_lipocalin	1645	1647	0.00258474475
PC-O_lipocalin	1647	1649	0.00258474475
PC-O_lipocalin	1649	1651	0.00258474475
PC-O_lipocalin	1651	1653	0.00258474475
PC-O_lipocalin	1653	1655	0.00258474475
PC-O_lipocalin	1655	1657	0.00258474475
PC-O_ml	1657	1659	0.07159512335
PC-O_ml	1659	1661	0.07159512335
PC-O_ml	1661	1663	0.07159512335
PC-O_start	1663	1665	0.00193047280
PC-O_start	1665	1667	0.00193047280
PC-O_start	1667	1669	0.00193047280
PC-O_start	1669	1671	0.00193047280
PC-O_start	1671	1673	0.00193047280
PC-O_start	1673	1675	0.00193047280
PC-O_start	1675	1677	0.00193047280
PC-O_start	1677	1679	0.00193047280
PC-O_start	1679	1681	0.00193047280
PC-O_start	1681	1683	0.00193047280
PC-O_start	1683	1685	0.00193047280
PC-O_start	1685	1687	0.00000000000
PC-O_start	1687	1689	0.00236488256
PC-O_start	1689	1691	0.00236488256
PC-O_start	1691	1693	0.00236488256
PC-O_start	1693	1695	0.00236488256
PC-O_start	1695	1697	0.00236488256
PC-O_start	1697	1699	0.00000000000
LysoPE_craltrio	1699	1701	0.00000000000
LysoPE_craltrio	1701	1703	0.00000000000
LysoPE_craltrio	1703	1705	0.00000000000
LysoPE_craltrio	1705	1707	0.00000000000
LysoPE_craltrio	1707	1709	0.04236815849
LysoPE_gltp	"NA"	"NA"	0.01070581617
LysoPE_gltp	"NA"	"NA"	0.01070581617
LysoPE_gltp	"NA"	"NA"	0.01070581617
LysoPE_gltp	"NA"	"NA"	0.01070581617
LysoPE_lipocalin	"NA"	"NA"	0.30102999566
LysoPE_lipocalin	"NA"	"NA"	0.06654087059
LysoPE_lipocalin	"NA"	"NA"	0.06654087059
LysoPE_lipocalin	"NA"	"NA"	0.06654087059
LysoPE_lipocalin	"NA"	"NA"	0.06654087059
LysoPE_lipocalin	"NA"	"NA"	0.06654087059
LysoPE_lipocalin	"NA"	"NA"	0.06654087059
LysoPE_scp2	1709	1711	0.06728801493
LysoPE_scp2	1711	1713	0.00000000000
LysoPE_scp2	1713	1715	0.06728801493
LysoPE_scp2	1715	1717	0.00000000000
LysoPE_scp2	1717	1719	0.06728801493
LysoPE_scp2	1719	1721	0.06728801493
LysoPE_scp2	1721	1723	0.06728801493
LysoPE_scp2	1723	1725	0.06728801493
LysoPE_scp2	1725	1727	0.13152170681
LysoPE_start	"NA"	"NA"	0.00000000000
LysoPE-O_gltp	1727	1729	0.00000000000
LysoPE-O_scp2	1729	1731	0.00000000000
LysoPE-O_scp2	1731	1733	0.00000000000
PE_craltrio	1733	1735	0.00112269209
PE_craltrio	1735	1737	0.00910161860
PE_craltrio	1737	1739	0.00910161860
PE_craltrio	1739	1741	0.00910161860
PE_craltrio	1741	1743	0.00910161860
PE_craltrio	1743	1745	0.00910161860
PE_craltrio	1745	1747	0.00910161860
PE_craltrio	1747	1749	0.00910161860
PE_craltrio	1749	1751	0.00910161860
PE_craltrio	1751	1753	0.00910161860
PE_craltrio	1753	1755	0.00910161860
PE_craltrio	1755	1757	0.00910161860
PE_craltrio	1757	1759	0.00910161860
PE_craltrio	1759	1761	0.00000000000
PE_craltrio	1761	1763	0.00000000000
PE_craltrio	1763	1765	0.00910161860
PE_craltrio	1765	1767	0.00910161860
PE_craltrio	1767	1769	0.00910161860
PE_craltrio	1769	1771	0.00910161860
PE_craltrio	1771	1773	0.00910161860
PE_craltrio	1773	1775	0.00910161860
PE_craltrio	1775	1777	0.00910161860
PE_craltrio	1777	1779	0.00910161860
PE_craltrio	1779	1781	0.00910161860
PE_craltrio	1781	1783	0.00910161860
PE_craltrio	1783	1785	0.00910161860
PE_craltrio	1785	1787	0.00910161860
PE_craltrio	1787	1789	0.00910161860
PE_craltrio	1789	1791	0.00910161860
PE_craltrio	1791	1793	0.00910161860
PE_craltrio	1793	1795	0.00910161860
PE_craltrio	1795	1797	0.00910161860
PE_craltrio	1797	1799	0.00910161860
PE_craltrio	1799	1801	0.00000000000
PE_craltrio	1801	1803	0.00000000000
PE_craltrio	1803	1805	0.00000000000
PE_craltrio	1805	1807	0.00000000000
PE_craltrio	1807	1809	0.00000000000
PE_iptrans	"NA"	"NA"	0.02767245205
PE_iptrans	"NA"	"NA"	0.00000000000
PE_iptrans	"NA"	"NA"	0.00000000000
PE_iptrans	"NA"	"NA"	0.00000000000
PE_iptrans	"NA"	"NA"	0.00000000000
PE_iptrans	"NA"	"NA"	0.00000000000
PE_iptrans	"NA"	"NA"	0.00000000000
PE_iptrans	"NA"	"NA"	0.00000000000
PE_iptrans	"NA"	"NA"	0.00000000000
PE_iptrans	"NA"	"NA"	0.00000000000
PE_iptrans	"NA"	"NA"	0.00000000000
PE_iptrans	"NA"	"NA"	0.00000000000
PE_iptrans	"NA"	"NA"	0.00000000000
PE_iptrans	"NA"	"NA"	0.00000000000
PE_lbpbpicetp	1809	1811	0.00130050884
PE_lbpbpicetp	1811	1813	0.00130050884
PE_lbpbpicetp	1813	1815	0.00130050884
PE_lbpbpicetp	1815	1817	0.00130050884
PE_lbpbpicetp	1817	1819	0.00130050884
PE_lipocalin	1819	1821	0.00000000000
PE_lipocalin	1821	1823	0.04090138038
PE_lipocalin	1823	1825	0.04090138038
PE_lipocalin	1825	1827	0.04090138038
PE_lipocalin	1827	1829	0.04090138038
PE_lipocalin	1829	1831	0.04090138038
PE_lipocalin	1831	1833	0.04090138038
PE_lipocalin	1833	1835	0.04090138038
PE_lipocalin	1835	1837	0.04090138038
PE_lipocalin	1837	1839	0.04090138038
PE_lipocalin	1839	1841	0.04090138038
PE_lipocalin	1841	1843	0.00831926947
PE_lipocalin	1843	1845	0.00831926947
PE_lipocalin	1845	1847	0.00831926947
PE_lipocalin	1847	1849	0.00831926947
PE_lipocalin	1849	1851	0.00831926947
PE_ml	"NA"	"NA"	0.00000000000
PE_ml	"NA"	"NA"	0.00000000000
PE_ml	"NA"	"NA"	0.00000000000
PE_osbp	1851	1853	0.06167082192
PE_osbp	1853	1855	0.06167082192
PE_osbp	1855	1857	0.06167082192
PE_osbp	1857	1859	0.06167082192
PE_osbp	1859	1861	0.06167082192
PE_scp2	1861	1863	0.02616326745
PE_scp2	1863	1865	0.02616326745
PE_scp2	1865	1867	0.02616326745
PE_scp2	1867	1869	0.02616326745
PE_scp2	1869	1871	0.00000000000
PE_start	1871	1873	"NA"
PE_start	1873	1875	0.02056659536
PE_start	1875	1877	0.02056659536
PE_start	1877	1879	0.02056659536
PE_start	1879	1881	0.02056659536
PE_start	1881	1883	0.02056659536
PE_start	1883	1885	0.02056659536
PE_start	1885	1887	0.02056659536
PE_start	1887	1889	0.02056659536
PE_start	1889	1891	0.02056659536
PE_start	1891	1893	0.02056659536
PE_start	1893	1895	0.00000000000
PE_start	1895	1897	0.02056659536
PE_start	1897	1899	0.02056659536
PE_start	1899	1901	0.02056659536
PE_start	1901	1903	0.02056659536
PE_start	1903	1905	0.00000000000
PE_start	1905	1907	0.02056659536
PE_start	1907	1909	0.00000000000
PE_start	1909	1911	0.00000000000
PE_start	1911	1913	0.00000000000
PE_start	1913	1915	0.02056659536
PE_start	1915	1917	0.00000000000
PE_start	1917	1919	0.02056659536
PE_start	1919	1921	0.02056659536
PE_start	1921	1923	0.02056659536
PE_start	1923	1925	0.02056659536
PE_start	1925	1927	0.02056659536
PE_start	1927	1929	0.02056659536
PE_start	1929	1931	0.02056659536
PE_start	1931	1933	0.02056659536
PE_start	1933	1935	0.02056659536
PE_start	1935	1937	0.02056659536
PE_start	1937	1939	0.02056659536
PE_start	1939	1941	0.02056659536
PE_start	1941	1943	0.02056659536
PE_start	1943	1945	0.02056659536
PE_start	1945	1947	0.02056659536
PE_start	1947	1949	0.02056659536
PE_start	1949	1951	0.02056659536
PE_start	1951	1953	"NA"
PE-O_start	1953	1955	0.00000000000
PE-O_start	1955	1957	0.00000000000
PE-O_start	1957	1959	0.00000000000
LysoPG_gltp	1959	1961	0.00000000000
LysoPG_gltp	1961	1963	0.00000000000
LysoPG_lipocalin	1963	1965	0.00000000000
LysoPG_scp2	1965	1967	0.01230267026
LysoPG_scp2	1967	1969	0.01230267026
LysoPG_scp2	1969	1971	0.01230267026
LysoPG_scp2	1971	1973	0.01230267026
LysoPG_scp2	1973	1975	0.01230267026
LysoPG-O_scp2	1975	1977	0.00000000000
PG_craltrio	1977	1979	0.01127841356
PG_craltrio	1979	1981	0.01127841356
PG_craltrio	1981	1983	0.01127841356
PG_craltrio	1983	1985	0.01127841356
PG_craltrio	1985	1987	0.01127841356
PG_craltrio	1987	1989	0.01127841356
PG_craltrio	1989	1991	0.01127841356
PG_craltrio	1991	1993	0.01127841356
PG_craltrio	1993	1995	0.01127841356
PG_craltrio	1995	1997	0.01127841356
PG_craltrio	1997	1999	0.01127841356
PG_craltrio	1999	2001	0.01127841356
PG_craltrio	2001	2003	0.01127841356
PG_craltrio	2003	2005	0.01127841356
PG_craltrio	2005	2007	0.01127841356
PG_craltrio	2007	2009	0.01127841356
PG_craltrio	2009	2011	0.01127841356
PG_craltrio	2011	2013	0.01127841356
PG_craltrio	2013	2015	0.01127841356
PG_craltrio	2015	2017	0.01127841356
PG_craltrio	2017	2019	0.01127841356
PG_craltrio	2019	2021	0.01127841356
PG_craltrio	2021	2023	0.01127841356
PG_craltrio	2023	2025	0.04544108565
PG_craltrio	2025	2027	0.04544108565
PG_craltrio	2027	2029	0.04544108565
PG_craltrio	2029	2031	0.04544108565
PG_craltrio	2031	2033	0.04544108565
PG_craltrio	2033	2035	0.04544108565
PG_craltrio	2035	2037	0.04544108565
PG_craltrio	2037	2039	0.04544108565
PG_craltrio	2039	2041	0.04544108565
PG_craltrio	2041	2043	0.04544108565
PG_craltrio	2043	2045	0.04544108565
PG_craltrio	2045	2047	0.04544108565
PG_craltrio	2047	2049	0.25833092959
PG_iptrans	2049	2051	0.00040749041
PG_iptrans	2051	2053	0.00040749041
PG_iptrans	2053	2055	0.00040749041
PG_iptrans	2055	2057	0.00040749041
PG_iptrans	2057	2059	0.00664356948
PG_iptrans	2059	2061	0.00664356948
PG_iptrans	2061	2063	0.00664356948
PG_iptrans	2063	2065	0.00664356948
PG_iptrans	2065	2067	0.00664356948
PG_iptrans	2067	2069	0.00664356948
PG_iptrans	2069	2071	0.00664356948
PG_iptrans	2071	2073	0.00664356948
PG_iptrans	2073	2075	0.00664356948
PG_iptrans	2075	2077	0.00664356948
PG_iptrans	2077	2079	0.00664356948
PG_iptrans	2079	2081	0.00664356948
PG_iptrans	2081	2083	0.00664356948
PG_iptrans	2083	2085	0.00664356948
PG_iptrans	2085	2087	0.00664356948
PG_iptrans	2087	2089	"NA"
PG_lipocalin	"NA"	"NA"	0.00244822133
PG_lipocalin	"NA"	"NA"	0.03448777046
PG_lipocalin	"NA"	"NA"	0.03448777046
PG_lipocalin	"NA"	"NA"	0.03448777046
PG_lipocalin	"NA"	"NA"	0.03448777046
PG_lipocalin	"NA"	"NA"	0.03448777046
PG_osbp	2089	2091	0.01446673852
PG_osbp	2091	2093	0.01446673852
PG_osbp	2093	2095	0.01446673852
PG_osbp	2095	2097	0.01446673852
PG_osbp	2097	2099	0.01446673852
PG_osbp	2099	2101	0.01446673852
PG_osbp	2101	2103	0.01446673852
PG_scp2	2103	2105	0.00000000000
PG_scp2	2105	2107	0.00000000000
PG_start	2107	2109	0.00505229019
PG_start	2109	2111	0.00505229019
PG_start	2111	2113	0.00505229019
PG_start	2113	2115	0.00505229019
PG_start	2115	2117	0.00505229019
PG_start	2117	2119	0.00505229019
PG_start	2119	2121	0.00505229019
PG_start	2121	2123	0.00505229019
PG_start	2123	2125	0.00505229019
PG_start	2125	2127	0.00505229019
PG_start	2127	2129	0.00505229019
PG_start	2129	2131	0.00505229019
PG_start	2131	2133	0.00505229019
PG_start	2133	2135	0.00505229019
PG_start	2135	2137	0.00505229019
PG_start	2137	2139	0.00505229019
PG_start	2139	2141	0.00505229019
PG_start	2141	2143	0.00505229019
PG-O_start	2143	2145	0.00000000000
PG/BMP_craltrio	2145	2147	0.00000000000
PG/BMP_craltrio	2147	2149	0.00146229195
PG/BMP_craltrio	2149	2151	0.00146229195
PG/BMP_craltrio	2151	2153	0.00000000000
PG/BMP_craltrio	2153	2155	0.00000000000
PG/BMP_craltrio	2155	2157	0.00000000000
PG/BMP_craltrio	2157	2159	0.00000000000
PG/BMP_craltrio	2159	2161	0.00000000000
PG/BMP_craltrio	2161	2163	0.00000000000
PG/BMP_craltrio	2163	2165	0.00000000000
PG/BMP_craltrio	2165	2167	0.00000000000
PG/BMP_craltrio	2167	2169	0.00000000000
PG/BMP_craltrio	2169	2171	0.00000000000
PG/BMP_craltrio	2171	2173	0.00000000000
PG/BMP_craltrio	2173	2175	0.00000000000
PG/BMP_craltrio	2175	2177	0.00000000000
PG/BMP_craltrio	2177	2179	0.00000000000
PG/BMP_craltrio	2179	2181	0.00000000000
PG/BMP_craltrio	2181	2183	0.00000000000
PG/BMP_craltrio	2183	2185	0.00146229195
PG/BMP_craltrio	2185	2187	0.00146229195
PG/BMP_craltrio	2187	2189	0.00146229195
PG/BMP_craltrio	2189	2191	0.00146229195
PG/BMP_craltrio	2191	2193	0.00000000000
PG/BMP_craltrio	2193	2195	0.00000000000
PG/BMP_craltrio	2195	2197	0.00000000000
PG/BMP_craltrio	2197	2199	0.00000000000
PG/BMP_craltrio	2199	2201	0.00000000000
PG/BMP_gltp	"NA"	"NA"	0.00000000000
PG/BMP_iptrans	2201	2203	0.00000000000
PG/BMP_iptrans	2203	2205	0.00000000000
PG/BMP_iptrans	2205	2207	0.00000000000
PG/BMP_iptrans	2207	2209	0.00000000000
PG/BMP_iptrans	2209	2211	0.00076260900
PG/BMP_iptrans	2211	2213	0.00000000000
PG/BMP_iptrans	2213	2215	0.00000000000
PG/BMP_iptrans	2215	2217	0.00000000000
PG/BMP_iptrans	2217	2219	0.00000000000
PG/BMP_iptrans	2219	2221	0.00000000000
PG/BMP_iptrans	2221	2223	0.00000000000
PG/BMP_iptrans	2223	2225	0.00000000000
PG/BMP_iptrans	2225	2227	0.00076260900
PG/BMP_iptrans	2227	2229	0.00076260900
PG/BMP_iptrans	2229	2231	0.00076260900
PG/BMP_iptrans	2231	2233	0.00076260900
PG/BMP_iptrans	2233	2235	0.00076260900
PG/BMP_iptrans	2235	2237	0.00076260900
PG/BMP_iptrans	2237	2239	0.00076260900
PG/BMP_iptrans	2239	2241	0.00000000000
PG/BMP_iptrans	2241	2243	0.00000000000
PG/BMP_iptrans	2243	2245	0.00000000000
PG/BMP_iptrans	2245	2247	0.00000000000
PG/BMP_iptrans	2247	2249	0.00000000000
PG/BMP_iptrans	2249	2251	0.00000000000
PG/BMP_lbpbpicetp	2251	2253	0.00000000000
PG/BMP_lipocalin	"NA"	"NA"	0.00147058832
PG/BMP_lipocalin	"NA"	"NA"	0.00147058832
PG/BMP_lipocalin	"NA"	"NA"	0.00837854668
PG/BMP_lipocalin	"NA"	"NA"	0.00000000000
PG/BMP_lipocalin	"NA"	"NA"	0.00000000000
PG/BMP_lipocalin	"NA"	"NA"	0.00000000000
PG/BMP_lipocalin	"NA"	"NA"	0.00837854668
PG/BMP_ml	2253	2255	0.00000000000
PG/BMP_scp2	2255	2257	0.03680670925
PG/BMP_scp2	2257	2259	0.03680670925
PG/BMP_scp2	2259	2261	0.03680670925
PG/BMP_scp2	2261	2263	0.03680670925
PG/BMP_scp2	2263	2265	0.03680670925
PG/BMP_scp2	2265	2267	0.03680670925
PG/BMP_scp2	2267	2269	0.03680670925
PG/BMP_scp2	2269	2271	0.03680670925
PG/BMP_scp2	2271	2273	0.00000000000
PG/BMP_scp2	2273	2275	0.00000000000
PG/BMP_scp2	2275	2277	0.00000000000
PG/BMP_scp2	2277	2279	0.01509548267
PG/BMP_start	2279	2281	0.00000000000
PG/BMP_start	2281	2283	0.00000000000
PG/BMP_start	2283	2285	0.00000000000
PG/BMP_start	2285	2287	0.00000000000
PG/BMP_start	2287	2289	0.00000000000
PG/BMP_start	2289	2291	0.00000000000
PG/BMP_start	2291	2293	0.00000000000
PG/BMP_start	2293	2295	0.00000000000
PG/BMP_start	2295	2297	0.00000000000
PG/BMP_start	2297	2299	0.00000000000
PG/BMP_start	2299	2301	0.00000000000
PG/BMP_start	2301	2303	0.00000000000
PG/BMP_start	2303	2305	0.00000000000
PG/BMP_start	2305	2307	0.00000000000
PG/BMP_start	2307	2309	0.00000000000
PG/BMP_start	2309	2311	0.00000000000
PG/BMP_start	2311	2313	0.00000000000
PG/BMP_start	2313	2315	0.00000000000
PG/BMP_start	2315	2317	0.00000000000
PG/BMP_start	2317	2319	0.00000000000
PG/BMP_start	2319	2321	0.00000000000
PI_craltrio	2321	2323	0.02174129398
PI_craltrio	2323	2325	0.02174129398
PI_craltrio	2325	2327	0.02174129398
PI_craltrio	2327	2329	0.02174129398
PI_craltrio	2329	2331	0.02174129398
PI_craltrio	2331	2333	0.02174129398
PI_craltrio	2333	2335	0.02174129398
PI_craltrio	2335	2337	0.02174129398
PI_craltrio	2337	2339	0.02174129398
PI_craltrio	2339	2341	0.02174129398
PI_craltrio	2341	2343	0.00000000000
PI_craltrio	2343	2345	0.00000000000
PI_craltrio	2345	2347	0.00000000000
PI_craltrio	2347	2349	0.00000000000
PI_craltrio	2349	2351	0.00000000000
PI_craltrio	2351	2353	0.00000000000
PI_iptrans	2353	2355	0.00000000000
PI_iptrans	2355	2357	0.00000000000
PI_iptrans	2357	2359	0.00010982396
PI_iptrans	2359	2361	0.00000000000
PI_iptrans	2361	2363	0.00000000000
PI_iptrans	2363	2365	0.00010982396
PI_iptrans	2365	2367	0.00010982396
PI_lbpbpicetp	2367	2369	0.00008753847
PI_lbpbpicetp	2369	2371	0.00000000000
PI_lbpbpicetp	2371	2373	0.00008753847
PI_lbpbpicetp	2373	2375	0.00000000000
PI_lbpbpicetp	2375	2377	0.00000000000
PI_ml	"NA"	"NA"	0.00000000000
PI_ml	"NA"	"NA"	0.00000000000
PI_start	2377	2379	0.00000000000
PI_start	2379	2381	0.00000000000
PI_start	2381	2383	0.00000000000
PIP_osbp	2383	2385	"NA"
PS_lbpbpicetp	2385	2387	0.00036079070
PS_lbpbpicetp	2387	2389	0.00036079070
PS_lbpbpicetp	2389	2391	0.00036079070
PS_lbpbpicetp	2391	2393	0.00036079070
PS_osbp	2393	2395	0.09691001301
PS_osbp	2395	2397	0.09691001301
PS_osbp	2397	2399	0.09691001301
PS_osbp	2399	2401	0.09691001301
PS_osbp	2401	2403	0.09691001301
PS_osbp	2403	2405	0.09691001301
PS_osbp	2405	2407	0.09691001301
PS_osbp	2407	2409	0.09691001301
PS_osbp	2409	2411	0.00000000000
PS_osbp	2411	2413	"NA"
Cer_craltrio	2555	2557	0.04126874621
Cer_craltrio	2557	2559	0.04126874621
Cer_craltrio	2559	2561	0.04126874621
Cer_craltrio	2561	2563	0.04126874621
Cer_craltrio	2563	2565	0.04126874621
Cer_craltrio	2565	2567	0.04126874621
Cer_craltrio	2567	2569	0.04126874621
Cer_craltrio	2569	2571	0.04126874621
Cer_craltrio	2571	2573	0.04126874621
Cer_craltrio	2573	2575	0.04126874621
Cer_craltrio	2575	2577	0.04126874621
Cer_craltrio	2577	2579	0.04126874621
Cer_craltrio	2579	2581	0.04126874621
Cer_craltrio	2581	2583	"NA"
Cer_craltrio	2583	2585	0.01064873444
Cer_lipocalin	2585	2587	0.17609125906
Cer_lipocalin	2587	2589	0.30102999566
Cer_start	2589	2591	0.02709434476
Cer_start	2591	2593	0.02709434476
Cer_start	2593	2595	0.02709434476
Cer_start	2595	2597	0.02709434476
Cer_start	2597	2599	0.02709434476
Cer_start	2599	2601	0.02709434476
Cer_start	2601	2603	0.02709434476
Cer_start	2603	2605	0.02709434476
Cer_start	2605	2607	0.02709434476
Cer_start	2607	2609	0.02709434476
Cer_start	2609	2611	0.02709434476
Cer_start	2611	2613	0.02709434476
Cer_start	2613	2615	0.02709434476
Cer_start	2615	2617	0.02709434476
Cer_start	2617	2619	0.02709434476
Cer_start	2619	2621	"NA"
CerP_gltp	2621	2623	0.00828490379
CerP_gltp	2623	2625	0.00828490379
CerP_gltp	2625	2627	0.00828490379
CerP_gltp	2627	2629	0.00828490379
CerP_gltp	2629	2631	0.00828490379
CerP_gltp	2631	2633	0.00828490379
CerP_gltp	2633	2635	0.00828490379
CerP_gltp	2635	2637	0.00828490379
CerP_gltp	2637	2639	0.00828490379
CerP_gltp	2639	2641	0.00828490379
CerP_gltp	2641	2643	0.00828490379
CerP_gltp	2643	2645	0.00828490379
CerP_gltp	2645	2647	0.00828490379
CerP_gltp	2647	2649	0.00828490379
CerP_gltp	2649	2651	0.00000000000
CerP_gltp	2651	2653	0.00828490379
CerP_gltp	2653	2655	0.00828490379
CerP_gltp	2655	2657	0.00828490379
CerP_gltp	2657	2659	0.00000000000
CerP_gltp	2659	2661	0.00828490379
CerP_gltp	2661	2663	0.00828490379
CerP_gltp	2663	2665	0.00828490379
CerP_gltp	2665	2667	0.00828490379
CerP_gltp	2667	2669	0.00000000000
CerP_gltp	2669	2671	0.00000000000
Hex2Cer_gltp	2671	2673	0.00000000000
Hex2CerOH_gltp	2673	2675	0.00047849028
HexCer_gltp	2675	2677	0.01126609513
HexCer_gltp	2677	2679	0.01126609513
HexCer_gltp	2679	2681	0.01126609513
HexCer_gltp	2681	2683	0.01126609513
HexCer_gltp	2683	2685	0.01126609513
HexCer_gltp	2685	2687	0.01126609513
HexCer_gltp	2687	2689	0.01126609513
HexCer_gltp	2689	2691	0.01126609513
HexCer_gltp	2691	2693	0.01126609513
HexCer_gltp	2693	2695	0.01126609513
HexCer_gltp	2695	2697	0.01126609513
HexCer_gltp	2697	2699	0.00022256356
HexCer_gltp	2699	2701	0.01126609513
HexCer_gltp	2701	2703	0.00022256356
HexCer_gltp	2703	2705	0.01126609513
HexCer_gltp	2705	2707	0.01126609513
HexCer_gltp	2707	2709	0.01126609513
HexCer_gltp	2709	2711	0.01126609513
HexCer_gltp	2711	2713	0.00000000000
HexCer_gltp	2713	2715	0.01126609513
HexCer_gltp	2715	2717	0.01126609513
HexCer_gltp	2717	2719	0.01126609513
HexCer_gltp	2719	2721	0.01126609513
HexCer_gltp	2721	2723	0.01126609513
HexCer_gltp	2723	2725	0.01126609513
HexCer_gltp	2725	2727	0.00000000000
HexCer_gltp	2727	2729	0.06143343448
HexCer_gltp	2729	2731	0.06143343448
HexCer_gltp	2731	2733	0.06143343448
HexCer_gltp	2733	2735	0.06143343448
HexCer_gltp	2735	2737	0.06143343448
HexCer_gltp	2737	2739	0.06143343448
HexCer_gltp	2739	2741	0.06143343448
HexCer_gltp	2741	2743	0.06143343448
HexCer_gltp	2743	2745	0.00152086872
HexCerOH_gltp	2745	2747	0.01932420086
HexCerOH_gltp	2747	2749	0.01932420086
HexCerOH_gltp	2749	2751	0.01932420086
HexCerOH_gltp	2751	2753	0.01932420086
HexCerOH_gltp	2753	2755	0.01932420086
HexCerOH_gltp	2755	2757	0.01932420086
HexCerOH_gltp	2757	2759	0.01932420086
HexCerOH_gltp	2759	2761	0.01932420086
HexCerOH_gltp	2761	2763	0.01932420086
HexCerOH_gltp	2763	2765	0.01932420086
HexCerOH_gltp	2765	2767	0.01932420086
HexCerOH_gltp	2767	2769	0.01932420086
HexCerOH_gltp	2769	2771	0.01932420086
HexCerOH_gltp	2771	2773	0.01932420086
HexCerOH_gltp	2773	2775	0.01932420086
HexCerOH_gltp	2775	2777	0.01932420086
HexCerOH_gltp	2777	2779	0.01932420086
HexCerOH_gltp	2779	2781	0.01932420086
HexCerOH_gltp	2781	2783	0.01932420086
HexCerOH_gltp	2783	2785	0.01932420086
HexCerOH_gltp	2785	2787	0.01932420086
HexCerOH_gltp	2787	2789	0.01932420086
HexCerOH_gltp	2789	2791	0.01932420086
HexCerOH_gltp	2791	2793	0.01932420086
HexCerOH_gltp	2793	2795	0.01932420086
HexCerOH_gltp	2795	2797	0.01932420086
HexCerOH_gltp	2797	2799	0.01932420086
HexCerOH_gltp	2799	2801	0.01932420086
HexCerOH_gltp	2801	2803	0.01932420086
HexCerOH_gltp	2803	2805	0.01932420086
HexCerOH_gltp	2805	2807	0.01932420086
HexCerOH_gltp	2807	2809	0.01932420086
HexCerOH_gltp	2809	2811	0.01932420086
HexCerOH_gltp	2811	2813	0.01932420086
HexCerOH_gltp	2813	2815	0.01932420086
HexCerOH_gltp	2815	2817	0.01932420086
HexCerOH_gltp	2817	2819	0.00514936968
HexCerOH_gltp	2819	2821	0.00000000000
HexCerOH_gltp	2821	2823	0.00000000000
HexCerOH_gltp	2823	2825	0.00514936968
HexCerOH_gltp	2825	2827	0.00514936968
SHexCer_gltp	2827	2829	0.00476204861
SM_gltp	2829	2831	0.02237478866
SM_gltp	2831	2833	0.02237478866
SM_gltp	2833	2835	0.02237478866
SM_gltp	2835	2837	0.02237478866
SM_gltp	2837	2839	0.02237478866
SM_gltp	2839	2841	0.02237478866
SM_gltp	2841	2843	0.02237478866
SM_gltp	2843	2845	0.02237478866
SM_gltp	2845	2847	0.02237478866
SM_gltp	2847	2849	0.02237478866
SM_gltp	2849	2851	0.02237478866
SM_gltp	2851	2853	0.02237478866
SM_gltp	2853	2855	0.02237478866
SM_gltp	2855	2857	0.02237478866
SM_gltp	2857	2859	0.02237478866
SM_gltp	2859	2861	0.02237478866
SM_gltp	2861	2863	0.02237478866
SM_gltp	2863	2865	0.02237478866
SM_gltp	2865	2867	0.02237478866
SM_gltp	2867	2869	0.02237478866
SM_gltp	2869	2871	0.02237478866
SM_gltp	2871	2873	0.02237478866
SM_gltp	2873	2875	0.02237478866
SM_gltp	2875	2877	0.02237478866
SM_gltp	2877	2879	0.02237478866
SM_gltp	2879	2881	0.02237478866
SM_gltp	2881	2883	0.02237478866
SM_gltp	2883	2885	0.04575749056
SM_gltp	2885	2887	0.04575749056
SM_gltp	2887	2889	0.04575749056
SM_gltp	2889	2891	0.04575749056
SM_gltp	2891	2893	0.04575749056
SM_gltp	2893	2895	0.04575749056
SM_gltp	2895	2897	0.04575749056
SM_gltp	2897	2899	0.04575749056
SM_gltp	2899	2901	0.04575749056
SM_lipocalin	"NA"	"NA"	0.00005726046
VA_lipocalin	2919	2921	0.30102999566
VA_lipocalin	2921	2923	0.30102999566
VE_craltrio	"NA"	"NA"	0.08583350740
VE_craltrio	"NA"	"NA"	0.08583350740
VE_craltrio	"NA"	"NA"	0.08583350740
VE_lipocalin	2923	2925	0.12493873661
VE_lipocalin	2925	2927	0.12493873661
VE_lipocalin	2927	2929	0.12493873661
OSBP	689	690	"NA"
OSBPL1A	696	697	"NA"
OSBPL2	697	698	"NA"
OSBP2	690	691	"NA"
OSBPL7	699	700	"NA"
OSBPL8	700	701	"NA"
OSBPL9	701	702	"NA"
OSBPL10	694	695	"NA"
OSBPL11	695	696	"NA"
TTPAL	86	87	0.00000000000
CLVS2	3	4	0.00000000000
CLVS2	4	5	0.29560608685
SEC14L4	42	43	0.00000000000
SEC14L4	43	44	0.00000000000
SEC14L4	44	45	0.00000000000
SEC14L4	45	46	0.00000000000
CRABP2	556	557	0.17609125906
FABP5	605	606	0.30102999566
CRABP2	557	558	0.00000000000
CRABP2	558	559	0.00000000000
FABP3	600	601	0.00000000000
FABP3	601	602	0.00000000000
FABP3	602	603	0.00000000000
FABP3	603	604	0.00000000000
FABP3	604	605	0.00000000000
FABP7	620	621	0.00000000000
FABP7	621	622	0.00000000000
FABP7	622	623	0.00000000000
FABP7	623	624	0.00000000000
FABP7	624	625	0.00000000000
FABP7	625	626	0.00000000000
FABP7	626	627	0.00000000000
FABP7	627	628	0.00000000000
FABP2	597	598	0.00000000000
FABP2	598	599	0.00000000000
FABP2	599	600	0.00000000000
FABP5	606	607	0.00000000000
FABP1	562	563	0.00000000000
FABP1	563	564	0.00000000000
FABP1	564	565	0.00000000000
FABP1	565	566	0.00000000000
FABP1	566	567	0.00000000000
FABP1	567	568	0.00000000000
FABP1	568	569	0.00000000000
FABP1	569	570	0.00000000000
FABP1	570	571	0.00000000000
PMP2	666	667	0.00000000000
PMP2	667	668	0.00000000000
PMP2	668	669	0.00000000000
PMP2	669	670	0.00000000000
PMP2	670	671	0.00000000000
PMP2	671	672	0.00000000000
PMP2	672	673	0.00000000000
SCP2D1	744	745	0.00000000000
SCP2D1	745	746	0.00000000000
SCP2D1	746	747	0.00000000000
HSDL2	724	725	0.05746796403
STARD6	1010	1011	0.30102999566
SEC14L2	25	26	0.00524064517
SEC14L2	26	27	0.00524064517
SEC14L2	27	28	0.00524064517
SEC14L1	9	10	"NA"
LCN8	665	666	0.30102999566
FABP1	571	572	0.00000000000
FABP1	572	573	0.00000000000
FABP1	573	574	0.00000000000
TTPA	61	62	0.00157857600
TTPA	62	63	0.00157857600
PITPNB	390	391	0.00004371436
OSBP2	691	692	0.30102999566
OSBP2	692	693	0.27772891826
OSBP2	693	694	0.04315691703
HSDL2	725	726	0.14171688113
STARD11	891	892	0.00906782559
STARD11	892	893	0.00906782559
STARD11	893	894	0.00906782559
STARD11	894	895	0.00906782559
STARD11	895	896	0.00906782559
STARD11	896	897	0.00906782559
STARD11	897	898	0.00906782559
BPIFB2	522	523	0.00046288870
TTPAL	87	88	0.00000000000
TTPAL	88	89	0.00000000000
TTPAL	89	90	0.00000000000
TTPAL	90	91	0.00000000000
TTPAL	91	92	0.00000000000
TTPAL	92	93	0.00000000000
TTPAL	93	94	0.00000000000
TTPA	63	64	0.00000000000
PITPNC1	450	451	0.02623922322
PITPNC1	451	452	0.02623922322
PITPNC1	452	453	0.02623922322
PITPNC1	453	454	0.02623922322
PITPNC1	454	455	0.02623922322
PITPNC1	455	456	0.02623922322
PITPNC1	456	457	0.02623922322
PITPNC1	457	458	0.02623922322
PITPNC1	458	459	0.02623922322
PITPNC1	459	460	0.02623922322
PITPNC1	460	461	0.02623922322
PITPNC1	461	462	0.02623922322
PITPNC1	462	463	0.02623922322
PITPNC1	463	464	0.02623922322
PITPNC1	464	465	0.02623922322
PITPNC1	465	466	0.02623922322
PITPNC1	466	467	0.02623922322
PITPNC1	467	468	0.02623922322
PITPNC1	468	469	0.02623922322
PITPNC1	469	470	0.02623922322
PITPNC1	470	471	0.02623922322
PITPNC1	471	472	0.02623922322
PITPNC1	472	473	0.02623922322
PITPNC1	473	474	0.02623922322
PITPNC1	474	475	0.02623922322
PITPNC1	475	476	0.02623922322
PITPNC1	476	477	0.02623922322
PITPNC1	477	478	0.02623922322
PITPNC1	478	479	0.02623922322
PITPNC1	479	480	0.02623922322
FABP1	574	575	0.00540473006
SCP2D1	747	748	0.01826209786
SCP2D1	748	749	0.01826209786
SCP2D1	749	750	0.01826209786
SCP2D1	750	751	0.01826209786
SCP2D1	751	752	0.01826209786
ATCAY	0	1	0.17609125906
ATCAY	1	2	0.17609125906
SEC14L1	10	11	0.00136099918
SEC14L6	46	47	0.03734283795
SEC14L6	47	48	0.03734283795
SEC14L6	48	49	0.03734283795
SEC14L6	49	50	0.03734283795
SEC14L6	50	51	0.03734283795
SEC14L6	51	52	0.03734283795
SEC14L6	52	53	0.03734283795
SEC14L6	53	54	0.03734283795
SEC14L6	54	55	0.03734283795
SEC14L6	55	56	0.03734283795
TTPAL	94	95	0.00007640410
RLBP1	6	7	0.03535193995
PITPNA	330	331	0.17609125906
PITPNA	331	332	0.17609125906
PITPNB	391	392	0.09691001301
PITPNB	392	393	0.09691001301
PITPNB	393	394	0.09691001301
PITPNB	394	395	0.09691001301
PITPNA	332	333	0.02949806241
PITPNA	333	334	0.02949806241
PITPNA	334	335	0.02949806241
PITPNA	335	336	0.00000000000
PITPNA	336	337	0.02949806241
PITPNA	337	338	0.02949806241
PITPNA	338	339	0.00000000000
PITPNA	339	340	0.02949806241
PITPNA	340	341	0.02949806241
PITPNA	341	342	0.02949806241
PITPNA	342	343	0.02949806241
PITPNA	343	344	0.02949806241
PITPNA	344	345	0.02949806241
PITPNA	345	346	0.02949806241
PITPNA	346	347	0.02949806241
PITPNA	347	348	0.02949806241
PITPNA	348	349	0.02949806241
PITPNA	349	350	0.02949806241
PITPNA	350	351	0.02949806241
PITPNA	351	352	0.02949806241
PITPNA	352	353	0.02949806241
PITPNB	395	396	0.01557059160
PITPNB	396	397	0.01557059160
PITPNB	397	398	0.01557059160
PITPNB	398	399	0.01557059160
PITPNB	399	400	0.01557059160
PITPNB	400	401	0.01557059160
PITPNB	401	402	0.01557059160
PITPNB	402	403	0.01557059160
PITPNB	403	404	0.01557059160
PITPNB	404	405	0.01557059160
PITPNB	405	406	0.01557059160
PITPNB	406	407	0.01557059160
PITPNB	407	408	0.01557059160
PITPNB	408	409	0.01557059160
PITPNB	409	410	0.01557059160
PITPNB	410	411	0.01557059160
PITPNB	411	412	0.01557059160
PITPNB	412	413	0.01557059160
PITPNB	413	414	0.01557059160
PITPNB	414	415	0.01557059160
PITPNB	415	416	0.01557059160
PITPNB	416	417	0.01557059160
PITPNB	417	418	0.01557059160
PITPNB	418	419	0.01557059160
PITPNB	419	420	0.01557059160
PITPNB	420	421	0.01557059160
PITPNB	421	422	0.01557059160
PITPNB	422	423	"NA"
PITPNA	353	354	"NA"
BPI	483	484	0.02532971480
BPI	484	485	0.02532971480
BPI	485	486	0.02532971480
BPI	486	487	0.02532971480
BPI	487	488	0.02532971480
BPI	488	489	0.02532971480
BPI	489	490	0.02532971480
BPI	490	491	0.02532971480
BPI	491	492	0.02532971480
BPI	492	493	0.02532971480
BPI	493	494	0.02532971480
BPI	494	495	0.02532971480
BPI	495	496	0.02532971480
BPI	496	497	0.02532971480
BPI	497	498	0.02532971480
BPI	498	499	0.02532971480
BPI	499	500	0.02532971480
BPI	500	501	0.02532971480
BPI	501	502	0.02532971480
BPI	502	503	0.02532971480
BPI	503	504	0.02532971480
BPIFB2	523	524	0.02205750805
BPIFB2	524	525	0.02205750805
BPIFB2	525	526	0.02205750805
BPIFB2	526	527	0.02205750805
BPIFB2	527	528	0.02205750805
BPIFB2	528	529	0.02205750805
BPIFB2	529	530	0.02205750805
BPIFB2	530	531	0.02205750805
BPIFB2	531	532	0.02205750805
BPIFB2	532	533	0.02205750805
BPIFB2	533	534	0.02205750805
BPIFB2	534	535	0.02205750805
BPIFB2	535	536	0.02205750805
BPIFB2	536	537	0.02205750805
BPIFB2	537	538	0.02205750805
BPIFB2	538	539	0.02205750805
BPIFB2	539	540	0.02205750805
BPIFB2	540	541	0.02205750805
BPIFB2	541	542	0.02205750805
BPIFB2	542	543	0.02205750805
BPIFB2	543	544	0.02205750805
BPIFB2	544	545	0.02205750805
LCN1	628	629	0.01689609411
LCN1	629	630	0.01689609411
LCN1	630	631	0.01689609411
LCN1	631	632	0.01689609411
LCN1	632	633	0.01689609411
LCN1	633	634	0.01689609411
LCN1	634	635	0.01689609411
LCN1	635	636	0.01689609411
LCN1	636	637	0.01689609411
LCN1	637	638	0.01689609411
LCN1	638	639	0.01689609411
LCN1	639	640	0.01689609411
LCN1	640	641	0.01689609411
LCN1	641	642	0.01689609411
LCN1	642	643	0.01689609411
LCN1	643	644	0.01689609411
LCN1	644	645	0.01689609411
LCN1	645	646	0.01689609411
LCN1	646	647	0.01689609411
LCN1	647	648	0.01689609411
LCN1	648	649	0.01689609411
LCN1	649	650	0.01689609411
LCN1	650	651	0.01689609411
LCN1	651	652	0.01689609411
LCN1	652	653	0.01689609411
LCN1	653	654	0.01689609411
LCN1	654	655	0.01689609411
LCN1	655	656	0.01689609411
GM2A	676	677	0.09031761217
GM2A	677	678	0.09031761217
GM2A	678	679	0.00000000000
GM2A	679	680	0.00000000000
SCP2	729	730	0.01872401206
HSDL2	726	727	0.03486951184
STARD2	916	917	0.01407785425
STARD2	917	918	0.01407785425
STARD2	918	919	0.01407785425
STARD2	919	920	0.01407785425
STARD2	920	921	0.01407785425
STARD2	921	922	0.01407785425
STARD2	922	923	0.01407785425
STARD2	923	924	0.01407785425
STARD2	924	925	0.01407785425
STARD2	925	926	0.01407785425
STARD2	926	927	0.01407785425
STARD2	927	928	0.01407785425
STARD2	928	929	0.01407785425
STARD2	929	930	0.01407785425
STARD2	930	931	0.01407785425
STARD2	931	932	0.01407785425
STARD2	932	933	0.01407785425
STARD2	933	934	0.01407785425
STARD2	934	935	0.01407785425
STARD2	935	936	0.01407785425
STARD2	936	937	0.01407785425
STARD2	937	938	0.01407785425
STARD2	938	939	0.01407785425
STARD2	939	940	0.01407785425
STARD2	940	941	0.01407785425
STARD2	941	942	0.01407785425
STARD2	942	943	0.01407785425
STARD2	943	944	0.01407785425
STARD2	944	945	0.01407785425
STARD2	945	946	0.01407785425
STARD2	946	947	0.01407785425
STARD2	947	948	0.01407785425
STARD2	948	949	0.01407785425
STARD2	949	950	0.01407785425
STARD2	950	951	0.01407785425
STARD2	951	952	0.01407785425
STARD2	952	953	0.01407785425
STARD2	953	954	0.01407785425
STARD2	954	955	0.01407785425
STARD2	955	956	0.01407785425
STARD2	956	957	0.01407785425
STARD2	957	958	0.01407785425
STARD2	958	959	0.01407785425
STARD2	959	960	0.01407785425
STARD2	960	961	0.01407785425
STARD2	961	962	0.01407785425
STARD2	962	963	0.01407785425
STARD2	963	964	0.01407785425
STARD2	964	965	0.01407785425
STARD2	965	966	0.01407785425
STARD2	966	967	0.01407785425
STARD10	772	773	0.02168315645
STARD10	773	774	0.02168315645
STARD10	774	775	0.02168315645
STARD10	775	776	0.02168315645
STARD10	776	777	0.02168315645
STARD10	777	778	0.02168315645
STARD10	778	779	0.02168315645
STARD10	779	780	0.02168315645
STARD10	780	781	0.02168315645
STARD10	781	782	0.02168315645
STARD10	782	783	0.02168315645
STARD10	783	784	0.02168315645
STARD10	784	785	0.02168315645
STARD10	785	786	0.02168315645
STARD10	786	787	0.02168315645
STARD10	787	788	0.02168315645
STARD10	788	789	0.02168315645
STARD10	789	790	0.02168315645
STARD10	790	791	0.02168315645
STARD10	791	792	0.02168315645
STARD10	792	793	0.02168315645
STARD11	898	899	0.00334044447
STARD11	899	900	0.00334044447
STARD2	967	968	"NA"
STARD10	793	794	"NA"
STARD10	794	795	0.00194250504
STARD10	795	796	0.00194250504
STARD10	796	797	0.00194250504
STARD10	797	798	0.00194250504
STARD2	968	969	0.00000000000
STARD2	969	970	0.00000000000
STARD2	970	971	0.00000000000
STARD2	971	972	0.00000000000
STARD2	972	973	0.00000000000
STARD2	973	974	0.00000000000
STARD2	974	975	0.00000000000
STARD2	975	976	0.00000000000
STARD2	976	977	0.00000000000
STARD2	977	978	0.00000000000
STARD2	978	979	0.00000000000
STARD2	979	980	0.00000000000
STARD2	980	981	0.00000000000
STARD2	981	982	0.00000000000
STARD2	982	983	0.00000000000
STARD2	983	984	0.00000000000
STARD2	984	985	0.00000000000
STARD2	985	986	0.00000000000
STARD2	986	987	0.00000000000
STARD2	987	988	0.00000000000
STARD2	988	989	0.00000000000
STARD2	989	990	0.00000000000
STARD2	990	991	0.00000000000
STARD2	991	992	0.00000000000
STARD2	992	993	0.00000000000
STARD2	993	994	0.00000000000
STARD2	994	995	0.00000000000
STARD2	995	996	0.00000000000
STARD2	996	997	0.00000000000
BNIPL	2	3	0.30102999566
SEC14L6	56	57	0.01067207245
SEC14L6	57	58	0.01067207245
SEC14L6	58	59	0.01067207245
SEC14L6	59	60	0.01067207245
BPI	504	505	0.00240472053
BPI	505	506	0.00240472053
BPI	506	507	0.00240472053
BPI	507	508	0.00240472053
BPIFB2	545	546	0.00377508074
BPIFB2	546	547	0.00377508074
BPIFB2	547	548	0.00377508074
BPIFB2	548	549	0.00377508074
BPIFB2	549	550	0.00377508074
BPIFB2	550	551	0.00377508074
BPIFB2	551	552	0.00377508074
LCN1	656	657	0.00258474475
LCN1	657	658	0.00258474475
LCN1	658	659	0.00258474475
LCN1	659	660	0.00258474475
LCN1	660	661	0.00258474475
LCN1	661	662	0.00258474475
LCN1	662	663	0.00258474475
LCN1	663	664	0.00258474475
GM2A	680	681	0.07159512335
GM2A	681	682	0.07159512335
GM2A	682	683	0.07159512335
STARD2	997	998	0.00193047280
STARD2	998	999	0.00193047280
STARD2	999	1000	0.00193047280
STARD2	1000	1001	0.00193047280
STARD2	1001	1002	0.00193047280
STARD2	1002	1003	0.00193047280
STARD2	1003	1004	0.00193047280
STARD2	1004	1005	0.00193047280
STARD2	1005	1006	0.00193047280
STARD2	1006	1007	0.00193047280
STARD2	1007	1008	0.00193047280
STARD2	1008	1009	0.00000000000
STARD10	798	799	0.00236488256
STARD10	799	800	0.00236488256
STARD10	800	801	0.00236488256
STARD10	801	802	0.00236488256
STARD10	802	803	0.00236488256
STARD2	1009	1010	0.00000000000
TTPAL	95	96	0.00000000000
TTPAL	96	97	0.00000000000
TTPAL	97	98	0.00000000000
TTPAL	98	99	0.00000000000
RLBP1	7	8	0.04236815849
GLTP	182	183	0.01070581617
GLTP	183	184	0.01070581617
GLTP	184	185	0.01070581617
GLTP	185	186	0.01070581617
RBP1	673	674	0.30102999566
FABP1	575	576	0.06654087059
FABP1	576	577	0.06654087059
FABP1	577	578	0.06654087059
FABP1	578	579	0.06654087059
FABP1	579	580	0.06654087059
FABP1	580	581	0.06654087059
SCP2D1	752	753	0.06728801493
SCP2D1	753	754	0.00000000000
SCP2D1	754	755	0.06728801493
SCP2D1	755	756	0.00000000000
SCP2D1	756	757	0.06728801493
SCP2D1	757	758	0.06728801493
SCP2D1	758	759	0.06728801493
SCP2D1	759	760	0.06728801493
HSDL2	727	728	0.13152170681
STARD10	803	804	0.00000000000
GLTP	186	187	0.00000000000
SCP2D1	760	761	0.00000000000
SCP2D1	761	762	0.00000000000
SEC14L6	60	61	0.00112269209
TTPAL	99	100	0.00910161860
TTPAL	100	101	0.00910161860
TTPAL	101	102	0.00910161860
TTPAL	102	103	0.00910161860
TTPAL	103	104	0.00910161860
TTPAL	104	105	0.00910161860
TTPAL	105	106	0.00910161860
TTPAL	106	107	0.00910161860
TTPAL	107	108	0.00910161860
TTPAL	108	109	0.00910161860
TTPAL	109	110	0.00910161860
TTPAL	110	111	0.00910161860
TTPAL	111	112	0.00000000000
TTPAL	112	113	0.00000000000
TTPAL	113	114	0.00910161860
TTPAL	114	115	0.00910161860
TTPAL	115	116	0.00910161860
TTPAL	116	117	0.00910161860
TTPAL	117	118	0.00910161860
TTPAL	118	119	0.00910161860
TTPAL	119	120	0.00910161860
TTPAL	120	121	0.00910161860
TTPAL	121	122	0.00910161860
TTPAL	122	123	0.00910161860
TTPAL	123	124	0.00910161860
TTPAL	124	125	0.00910161860
TTPAL	125	126	0.00910161860
TTPAL	126	127	0.00910161860
TTPAL	127	128	0.00910161860
TTPAL	128	129	0.00910161860
TTPAL	129	130	0.00910161860
TTPAL	130	131	0.00910161860
TTPA	64	65	0.00000000000
TTPA	65	66	0.00000000000
TTPA	66	67	0.00000000000
TTPA	67	68	0.00000000000
TTPA	68	69	0.00000000000
PITPNC1	480	481	0.02767245205
PITPNA	354	355	0.00000000000
PITPNA	355	356	0.00000000000
PITPNA	356	357	0.00000000000
PITPNA	357	358	0.00000000000
PITPNA	358	359	0.00000000000
PITPNA	359	360	0.00000000000
PITPNA	360	361	0.00000000000
PITPNA	361	362	0.00000000000
PITPNA	362	363	0.00000000000
PITPNA	363	364	0.00000000000
PITPNA	364	365	0.00000000000
PITPNA	365	366	0.00000000000
PITPNA	366	367	0.00000000000
BPI	508	509	0.00130050884
BPI	509	510	0.00130050884
BPI	510	511	0.00130050884
BPI	511	512	0.00130050884
BPI	512	513	0.00130050884
CRABP2	559	560	0.00000000000
FABP6	607	608	0.04090138038
FABP6	608	609	0.04090138038
FABP6	609	610	0.04090138038
FABP6	610	611	0.04090138038
FABP6	611	612	0.04090138038
FABP6	612	613	0.04090138038
FABP6	613	614	0.04090138038
FABP6	614	615	0.04090138038
FABP6	615	616	0.04090138038
FABP6	616	617	0.04090138038
FABP1	581	582	0.00831926947
FABP1	582	583	0.00831926947
FABP1	583	584	0.00831926947
FABP1	584	585	0.00831926947
FABP1	585	586	0.00831926947
GM2A	683	684	0.00000000000
GM2A	684	685	0.00000000000
GM2A	685	686	0.00000000000
OSBPL9	702	703	0.06167082192
OSBPL9	703	704	0.06167082192
OSBPL9	704	705	0.06167082192
OSBPL9	705	706	0.06167082192
OSBPL9	706	707	0.06167082192
SCP2	730	731	0.02616326745
SCP2	731	732	0.02616326745
SCP2	732	733	0.02616326745
SCP2	733	734	0.02616326745
SCP2D1	762	763	0.00000000000
STARD10	804	805	"NA"
STARD10	805	806	0.02056659536
STARD10	806	807	0.02056659536
STARD10	807	808	0.02056659536
STARD10	808	809	0.02056659536
STARD10	809	810	0.02056659536
STARD10	810	811	0.02056659536
STARD10	811	812	0.02056659536
STARD10	812	813	0.02056659536
STARD10	813	814	0.02056659536
STARD10	814	815	0.02056659536
STARD10	815	816	0.00000000000
STARD10	816	817	0.02056659536
STARD10	817	818	0.02056659536
STARD10	818	819	0.02056659536
STARD10	819	820	0.02056659536
STARD10	820	821	0.00000000000
STARD10	821	822	0.02056659536
STARD10	822	823	0.00000000000
STARD10	823	824	0.00000000000
STARD10	824	825	0.00000000000
STARD10	825	826	0.02056659536
STARD10	826	827	0.00000000000
STARD10	827	828	0.02056659536
STARD10	828	829	0.02056659536
STARD10	829	830	0.02056659536
STARD10	830	831	0.02056659536
STARD10	831	832	0.02056659536
STARD10	832	833	0.02056659536
STARD10	833	834	0.02056659536
STARD10	834	835	0.02056659536
STARD10	835	836	0.02056659536
STARD10	836	837	0.02056659536
STARD10	837	838	0.02056659536
STARD10	838	839	0.02056659536
STARD10	839	840	0.02056659536
STARD10	840	841	0.02056659536
STARD10	841	842	0.02056659536
STARD10	842	843	0.02056659536
STARD10	843	844	0.02056659536
STARD10	844	845	"NA"
STARD10	845	846	0.00000000000
STARD10	846	847	0.00000000000
STARD10	847	848	0.00000000000
GLTP	187	188	0.00000000000
GLTP	188	189	0.00000000000
FABP1	586	587	0.00000000000
SCP2D1	763	764	0.01230267026
SCP2D1	764	765	0.01230267026
SCP2D1	765	766	0.01230267026
SCP2D1	766	767	0.01230267026
SCP2D1	767	768	0.01230267026
SCP2D1	768	769	0.00000000000
TTPAL	131	132	0.01127841356
TTPAL	132	133	0.01127841356
TTPAL	133	134	0.01127841356
TTPAL	134	135	0.01127841356
TTPAL	135	136	0.01127841356
TTPAL	136	137	0.01127841356
TTPAL	137	138	0.01127841356
TTPAL	138	139	0.01127841356
TTPAL	139	140	0.01127841356
TTPAL	140	141	0.01127841356
TTPAL	141	142	0.01127841356
TTPAL	142	143	0.01127841356
TTPAL	143	144	0.01127841356
TTPAL	144	145	0.01127841356
TTPAL	145	146	0.01127841356
TTPAL	146	147	0.01127841356
TTPAL	147	148	0.01127841356
TTPAL	148	149	0.01127841356
TTPAL	149	150	0.01127841356
TTPAL	150	151	0.01127841356
TTPAL	151	152	0.01127841356
TTPAL	152	153	0.01127841356
TTPAL	153	154	0.01127841356
TTPA	69	70	0.04544108565
TTPA	70	71	0.04544108565
TTPA	71	72	0.04544108565
TTPA	72	73	0.04544108565
TTPA	73	74	0.04544108565
TTPA	74	75	0.04544108565
TTPA	75	76	0.04544108565
TTPA	76	77	0.04544108565
TTPA	77	78	0.04544108565
TTPA	78	79	0.04544108565
TTPA	79	80	0.04544108565
TTPA	80	81	0.04544108565
RLBP1	8	9	0.25833092959
PITPNA	367	368	0.00040749041
PITPNA	368	369	0.00040749041
PITPNA	369	370	0.00040749041
PITPNA	370	371	0.00040749041
PITPNB	423	424	0.00664356948
PITPNB	424	425	0.00664356948
PITPNB	425	426	0.00664356948
PITPNB	426	427	0.00664356948
PITPNB	427	428	0.00664356948
PITPNB	428	429	0.00664356948
PITPNB	429	430	0.00664356948
PITPNB	430	431	0.00664356948
PITPNB	431	432	0.00664356948
PITPNB	432	433	0.00664356948
PITPNB	433	434	0.00664356948
PITPNB	434	435	0.00664356948
PITPNB	435	436	0.00664356948
PITPNB	436	437	0.00664356948
PITPNB	437	438	0.00664356948
PITPNB	438	439	"NA"
FABP6	617	618	0.00244822133
FABP1	587	588	0.03448777046
FABP1	588	589	0.03448777046
FABP1	589	590	0.03448777046
FABP1	590	591	0.03448777046
FABP1	591	592	0.03448777046
OSBPL9	707	708	0.01446673852
OSBPL9	708	709	0.01446673852
OSBPL9	709	710	0.01446673852
OSBPL9	710	711	0.01446673852
OSBPL9	711	712	0.01446673852
OSBPL9	712	713	0.01446673852
OSBPL9	713	714	0.01446673852
SCP2	734	735	0.00000000000
SCP2	735	736	0.00000000000
STARD10	848	849	0.00505229019
STARD10	849	850	0.00505229019
STARD10	850	851	0.00505229019
STARD10	851	852	0.00505229019
STARD10	852	853	0.00505229019
STARD10	853	854	0.00505229019
STARD10	854	855	0.00505229019
STARD10	855	856	0.00505229019
STARD10	856	857	0.00505229019
STARD10	857	858	0.00505229019
STARD10	858	859	0.00505229019
STARD10	859	860	0.00505229019
STARD10	860	861	0.00505229019
STARD10	861	862	0.00505229019
STARD10	862	863	0.00505229019
STARD10	863	864	0.00505229019
STARD10	864	865	0.00505229019
STARD10	865	866	0.00505229019
STARD10	866	867	0.00000000000
TTPAL	154	155	0.00000000000
TTPAL	155	156	0.00146229195
TTPAL	156	157	0.00146229195
TTPAL	157	158	0.00000000000
TTPAL	158	159	0.00000000000
TTPAL	159	160	0.00000000000
TTPAL	160	161	0.00000000000
TTPAL	161	162	0.00000000000
TTPAL	162	163	0.00000000000
TTPAL	163	164	0.00000000000
TTPAL	164	165	0.00000000000
TTPAL	165	166	0.00000000000
TTPAL	166	167	0.00000000000
TTPAL	167	168	0.00000000000
TTPAL	168	169	0.00000000000
TTPAL	169	170	0.00000000000
TTPAL	170	171	0.00000000000
TTPAL	171	172	0.00000000000
TTPAL	172	173	0.00000000000
TTPAL	173	174	0.00146229195
TTPAL	174	175	0.00146229195
TTPAL	175	176	0.00146229195
TTPAL	176	177	0.00146229195
TTPA	81	82	0.00000000000
TTPA	82	83	0.00000000000
TTPA	83	84	0.00000000000
TTPA	84	85	0.00000000000
TTPA	85	86	0.00000000000
PLEKHA8P1	329	330	0.00000000000
PITPNC1	481	482	0.00000000000
PITPNA	371	372	0.00000000000
PITPNA	372	373	0.00000000000
PITPNA	373	374	0.00000000000
PITPNA	374	375	0.00076260900
PITPNA	375	376	0.00000000000
PITPNA	376	377	0.00000000000
PITPNA	377	378	0.00000000000
PITPNA	378	379	0.00000000000
PITPNA	379	380	0.00000000000
PITPNA	380	381	0.00000000000
PITPNA	381	382	0.00000000000
PITPNA	382	383	0.00076260900
PITPNA	383	384	0.00076260900
PITPNA	384	385	0.00076260900
PITPNA	385	386	0.00076260900
PITPNA	386	387	0.00076260900
PITPNA	387	388	0.00076260900
PITPNA	388	389	0.00076260900
PITPNB	439	440	0.00000000000
PITPNB	440	441	0.00000000000
PITPNB	441	442	0.00000000000
PITPNB	442	443	0.00000000000
PITPNB	443	444	0.00000000000
PITPNB	444	445	0.00000000000
BPIFB2	552	553	0.00000000000
FABP6	618	619	0.00147058832
FABP6	619	620	0.00147058832
FABP1	592	593	0.00837854668
FABP1	593	594	0.00000000000
FABP1	594	595	0.00000000000
FABP1	595	596	0.00000000000
FABP1	596	597	0.00837854668
GM2A	686	687	0.00000000000
SCP2	736	737	0.03680670925
SCP2	737	738	0.03680670925
SCP2	738	739	0.03680670925
SCP2	739	740	0.03680670925
SCP2	740	741	0.03680670925
SCP2	741	742	0.03680670925
SCP2	742	743	0.03680670925
SCP2	743	744	0.03680670925
SCP2D1	769	770	0.00000000000
SCP2D1	770	771	0.00000000000
SCP2D1	771	772	0.00000000000
HSDL2	728	729	0.01509548267
STARD10	867	868	0.00000000000
STARD10	868	869	0.00000000000
STARD10	869	870	0.00000000000
STARD10	870	871	0.00000000000
STARD10	871	872	0.00000000000
STARD10	872	873	0.00000000000
STARD10	873	874	0.00000000000
STARD10	874	875	0.00000000000
STARD10	875	876	0.00000000000
STARD10	876	877	0.00000000000
STARD10	877	878	0.00000000000
STARD10	878	879	0.00000000000
STARD10	879	880	0.00000000000
STARD10	880	881	0.00000000000
STARD10	881	882	0.00000000000
STARD10	882	883	0.00000000000
STARD10	883	884	0.00000000000
STARD10	884	885	0.00000000000
STARD10	885	886	0.00000000000
STARD10	886	887	0.00000000000
STARD10	887	888	0.00000000000
SEC14L2	28	29	0.02174129398
SEC14L2	29	30	0.02174129398
SEC14L2	30	31	0.02174129398
SEC14L2	31	32	0.02174129398
SEC14L2	32	33	0.02174129398
SEC14L2	33	34	0.02174129398
SEC14L2	34	35	0.02174129398
SEC14L2	35	36	0.02174129398
SEC14L2	36	37	0.02174129398
SEC14L2	37	38	0.02174129398
SEC14L2	38	39	0.00000000000
TTPAL	177	178	0.00000000000
TTPAL	178	179	0.00000000000
TTPAL	179	180	0.00000000000
TTPAL	180	181	0.00000000000
TTPAL	181	182	0.00000000000
PITPNC1	482	483	0.00000000000
PITPNA	389	390	0.00000000000
PITPNB	445	446	0.00010982396
PITPNB	446	447	0.00000000000
PITPNB	447	448	0.00000000000
PITPNB	448	449	0.00010982396
PITPNB	449	450	0.00010982396
BPI	513	514	0.00008753847
BPI	514	515	0.00000000000
BPI	515	516	0.00008753847
BPI	516	517	0.00000000000
BPI	517	518	0.00000000000
GM2A	687	688	0.00000000000
GM2A	688	689	0.00000000000
STARD10	888	889	0.00000000000
STARD10	889	890	0.00000000000
STARD10	890	891	0.00000000000
OSBPL2	698	699	"NA"
BPI	518	519	0.00036079070
BPI	519	520	0.00036079070
BPI	520	521	0.00036079070
BPI	521	522	0.00036079070
OSBPL9	714	715	0.09691001301
OSBPL9	715	716	0.09691001301
OSBPL9	716	717	0.09691001301
OSBPL9	717	718	0.09691001301
OSBPL9	718	719	0.09691001301
OSBPL9	719	720	0.09691001301
OSBPL9	720	721	0.09691001301
OSBPL9	721	722	0.09691001301
OSBPL9	722	723	0.00000000000
OSBPL9	723	724	"NA"
SEC14L1	11	12	0.04126874621
SEC14L1	12	13	0.04126874621
SEC14L1	13	14	0.04126874621
SEC14L1	14	15	0.04126874621
SEC14L1	15	16	0.04126874621
SEC14L1	16	17	0.04126874621
SEC14L1	17	18	0.04126874621
SEC14L1	18	19	0.04126874621
SEC14L1	19	20	0.04126874621
SEC14L1	20	21	0.04126874621
SEC14L1	21	22	0.04126874621
SEC14L1	22	23	0.04126874621
SEC14L1	23	24	0.04126874621
SEC14L1	24	25	"NA"
CLVS2	5	6	0.01064873444
CRABP2	560	561	0.17609125906
CRABP2	561	562	0.30102999566
STARD11	900	901	0.02709434476
STARD11	901	902	0.02709434476
STARD11	902	903	0.02709434476
STARD11	903	904	0.02709434476
STARD11	904	905	0.02709434476
STARD11	905	906	0.02709434476
STARD11	906	907	0.02709434476
STARD11	907	908	0.02709434476
STARD11	908	909	0.02709434476
STARD11	909	910	0.02709434476
STARD11	910	911	0.02709434476
STARD11	911	912	0.02709434476
STARD11	912	913	0.02709434476
STARD11	913	914	0.02709434476
STARD11	914	915	0.02709434476
STARD11	915	916	"NA"
GLTPD1	268	269	0.00828490379
GLTPD1	269	270	0.00828490379
GLTPD1	270	271	0.00828490379
GLTPD1	271	272	0.00828490379
GLTPD1	272	273	0.00828490379
GLTPD1	273	274	0.00828490379
GLTPD1	274	275	0.00828490379
GLTPD1	275	276	0.00828490379
GLTPD1	276	277	0.00828490379
GLTPD1	277	278	0.00828490379
GLTPD1	278	279	0.00828490379
GLTPD1	279	280	0.00828490379
GLTPD1	280	281	0.00828490379
GLTPD1	281	282	0.00828490379
GLTPD1	282	283	0.00000000000
GLTPD1	283	284	0.00828490379
GLTPD1	284	285	0.00828490379
GLTPD1	285	286	0.00828490379
GLTPD1	286	287	0.00000000000
GLTPD1	287	288	0.00828490379
GLTPD1	288	289	0.00828490379
GLTPD1	289	290	0.00828490379
GLTPD1	290	291	0.00828490379
GLTPD1	291	292	0.00000000000
GLTPD1	292	293	0.00000000000
GLTP	189	190	0.00000000000
GLTP	190	191	0.00047849028
GLTP	191	192	0.01126609513
GLTP	192	193	0.01126609513
GLTP	193	194	0.01126609513
GLTP	194	195	0.01126609513
GLTP	195	196	0.01126609513
GLTP	196	197	0.01126609513
GLTP	197	198	0.01126609513
GLTP	198	199	0.01126609513
GLTP	199	200	0.01126609513
GLTP	200	201	0.01126609513
GLTP	201	202	0.01126609513
GLTP	202	203	0.00022256356
GLTP	203	204	0.01126609513
GLTP	204	205	0.00022256356
GLTP	205	206	0.01126609513
GLTP	206	207	0.01126609513
GLTP	207	208	0.01126609513
GLTP	208	209	0.01126609513
GLTP	209	210	0.00000000000
GLTP	210	211	0.01126609513
GLTP	211	212	0.01126609513
GLTP	212	213	0.01126609513
GLTP	213	214	0.01126609513
GLTP	214	215	0.01126609513
GLTP	215	216	0.01126609513
GLTP	216	217	0.00000000000
GLTP	217	218	0.06143343448
GLTP	218	219	0.06143343448
GLTP	219	220	0.06143343448
GLTP	220	221	0.06143343448
GLTP	221	222	0.06143343448
GLTP	222	223	0.06143343448
GLTP	223	224	0.06143343448
GLTP	224	225	0.06143343448
GLTP	225	226	0.00152086872
GLTP	226	227	0.01932420086
GLTP	227	228	0.01932420086
GLTP	228	229	0.01932420086
GLTP	229	230	0.01932420086
GLTP	230	231	0.01932420086
GLTP	231	232	0.01932420086
GLTP	232	233	0.01932420086
GLTP	233	234	0.01932420086
GLTP	234	235	0.01932420086
GLTP	235	236	0.01932420086
GLTP	236	237	0.01932420086
GLTP	237	238	0.01932420086
GLTP	238	239	0.01932420086
GLTP	239	240	0.01932420086
GLTP	240	241	0.01932420086
GLTP	241	242	0.01932420086
GLTP	242	243	0.01932420086
GLTP	243	244	0.01932420086
GLTP	244	245	0.01932420086
GLTP	245	246	0.01932420086
GLTP	246	247	0.01932420086
GLTP	247	248	0.01932420086
GLTP	248	249	0.01932420086
GLTP	249	250	0.01932420086
GLTP	250	251	0.01932420086
GLTP	251	252	0.01932420086
GLTP	252	253	0.01932420086
GLTP	253	254	0.01932420086
GLTP	254	255	0.01932420086
GLTP	255	256	0.01932420086
GLTP	256	257	0.01932420086
GLTP	257	258	0.01932420086
GLTP	258	259	0.01932420086
GLTP	259	260	0.01932420086
GLTP	260	261	0.01932420086
GLTP	261	262	0.01932420086
GLTP	262	263	0.00514936968
GLTP	263	264	0.00000000000
GLTP	264	265	0.00000000000
GLTP	265	266	0.00514936968
GLTP	266	267	0.00514936968
GLTP	267	268	0.00476204861
GLTPD1	293	294	0.02237478866
GLTPD1	294	295	0.02237478866
GLTPD1	295	296	0.02237478866
GLTPD1	296	297	0.02237478866
GLTPD1	297	298	0.02237478866
GLTPD1	298	299	0.02237478866
GLTPD1	299	300	0.02237478866
GLTPD1	300	301	0.02237478866
GLTPD1	301	302	0.02237478866
GLTPD1	302	303	0.02237478866
GLTPD1	303	304	0.02237478866
GLTPD1	304	305	0.02237478866
GLTPD1	305	306	0.02237478866
GLTPD1	306	307	0.02237478866
GLTPD1	307	308	0.02237478866
GLTPD1	308	309	0.02237478866
GLTPD1	309	310	0.02237478866
GLTPD1	310	311	0.02237478866
GLTPD1	311	312	0.02237478866
GLTPD1	312	313	0.02237478866
GLTPD1	313	314	0.02237478866
GLTPD1	314	315	0.02237478866
GLTPD1	315	316	0.02237478866
GLTPD1	316	317	0.02237478866
GLTPD1	317	318	0.02237478866
GLTPD1	318	319	0.02237478866
GLTPD1	319	320	0.02237478866
GLTPD1	320	321	0.04575749056
GLTPD1	321	322	0.04575749056
GLTPD1	322	323	0.04575749056
GLTPD1	323	324	0.04575749056
GLTPD1	324	325	0.04575749056
GLTPD1	325	326	0.04575749056
GLTPD1	326	327	0.04575749056
GLTPD1	327	328	0.04575749056
GLTPD1	328	329	0.04575749056
LCN1	664	665	0.00005726046
RBP1	674	675	0.30102999566
RBP4	675	676	0.30102999566
SEC14L2	39	40	0.08583350740
SEC14L2	40	41	0.08583350740
SEC14L2	41	42	0.08583350740
CRABP1	553	554	0.12493873661
CRABP1	554	555	0.12493873661
CRABP1	555	556	0.12493873661
